counts 2.00000000000000000E+00 1.50000000000000000E+01
free -2.05770867909669910E+01 3.54430754375038788E+01 5.83161993659375266E-01 2.36468854999381577E+01 -3.85620623474945532E+01 -7.42170361990367011E-01
acc 8.20353016655319500E+00 -1.86444586748591554E+01 3.16031618783754098E+00 -1.15981892842912782E+01 -1.54236279662089917E+01 -3.12848027903662107E+01
qfrc 6.18722371454275333E+00 -1.29505446248151657E+01 1.25362943417172801E-01 -1.30677006419966268E-01 -5.28602277962125555E-01 -4.42031955204102767E-01
aref 8.11147389985199574E+00 -1.85811935620790685E+01 -4.99546258185179859E+00 5.96621708947641682E+00 -7.95460555966684879E+00 -1.31247351678079021E+01 3.34232856862107681E+01 1.39166937682091874E+01 1.23990957054750428E+01 1.13265755813779059E+01 1.49892138923063243E+01 1.41917673752712954E+01 1.34068205373676967E+01 1.07719534669773420E+01 1.68266344456616501E+01
reg 2.53796462749421670E+00 2.53796462749421670E+00 2.53796462749421670E+00 9.16942058965651619E+00 9.16942058965651619E+00 9.16942058965651619E+00 4.34340975299519716E+00 2.00000000000000016E-15 2.00000000000000016E-15 2.00000000000000016E-15 2.00000000000000016E-15 3.10243553785371218E-02 3.10243553785371218E-02 3.10243553785371218E-02 3.10243553785371218E-02
force -2.00000000000000004E-03 2.00000000000000004E-03 -2.00000000000000004E-03 2.00000000000000004E-03 2.00000000000000004E-03 2.00000000000000004E-03 6.77269560959253947E-01 6.57894736842049800E+15 6.57894736842161500E+15 6.57894736842222900E+15 6.57894736841988400E+15 3.00340529851315921E+02 2.96541822475028539E+02 2.95984711831889797E+02 3.00897640494454834E+02
jac 1.00000000000000000E+00 0.00000000000000000E+00 0.00000000000000000E+00 0.00000000000000000E+00 0.00000000000000000E+00 0.00000000000000000E+00
jac 0.00000000000000000E+00 1.00000000000000000E+00 0.00000000000000000E+00 0.00000000000000000E+00 0.00000000000000000E+00 0.00000000000000000E+00
jac 0.00000000000000000E+00 0.00000000000000000E+00 1.00000000000000000E+00 0.00000000000000000E+00 0.00000000000000000E+00 0.00000000000000000E+00
jac 0.00000000000000000E+00 0.00000000000000000E+00 0.00000000000000000E+00 1.00000000000000000E+00 0.00000000000000000E+00 0.00000000000000000E+00
jac 0.00000000000000000E+00 0.00000000000000000E+00 0.00000000000000000E+00 0.00000000000000000E+00 1.00000000000000000E+00 0.00000000000000000E+00
jac 0.00000000000000000E+00 0.00000000000000000E+00 0.00000000000000000E+00 0.00000000000000000E+00 0.00000000000000000E+00 1.00000000000000000E+00
jac 0.00000000000000000E+00 0.00000000000000000E+00 0.00000000000000000E+00 -7.43932950495822309E-01 -6.85619267231676738E-02 -6.64727784412978751E-01
jac 9.74733296330801274E-02 2.00587996059314920E-03 -1.08464548337008871E-03 0.00000000000000000E+00 0.00000000000000000E+00 0.00000000000000000E+00
jac -9.74733296330801274E-02 -2.00587996059314920E-03 1.08464548337008871E-03 0.00000000000000000E+00 0.00000000000000000E+00 0.00000000000000000E+00
jac -1.99727895723521938E-03 9.74764306819857068E-02 7.78677254723802027E-04 0.00000000000000000E+00 0.00000000000000000E+00 0.00000000000000000E+00
jac 1.99727895723521938E-03 -9.74764306819857068E-02 -7.78677254723802027E-04 0.00000000000000000E+00 0.00000000000000000E+00 0.00000000000000000E+00
jac 1.99003193362948749E-01 -1.99557411339006618E-01 1.98227366187832238E-01 9.82360699668653470E-02 -4.24911147382253792E-04 -8.65376781527364366E-04
jac 9.78051842201801969E-04 -2.00405079071294401E-01 -2.03587148512728661E-01 -9.82360699668653470E-02 4.24911147382253792E-04 8.65376781527364366E-04
jac 9.90906253194737130E-02 -1.03989106984466728E-01 9.39627226628804990E-02 4.07892601905926228E-04 9.82211002815662482E-02 -1.92456543039078425E-03
jac 1.00890619885676824E-01 -2.95973383425834291E-01 -9.93225049877769217E-02 -4.07892601905926228E-04 -9.82211002815662482E-02 1.92456543039078425E-03
state 9.99923865502508447E-01 -3.93599874386770052E-03 -5.60311529526830252E-03 -1.02652915885304633E-02 9.99828464366909420E-01 1.37786713896890043E-02 1.26986209917552160E-03 1.23116817166359742E-02 -7.70590020485939498E-02 1.76521338839751130E-01 4.74568945275920806E-02 -5.66790623500259549E-02 7.55687528168350608E-02 1.24684984094175055E-01 1.25000000000000000E-01
