evaluate SUCCESS
length -7.81897986585649019E-01 5.39459312841467531E-01 -1.58609564518817914E-01
velocity 5.68347441716446633E-02 9.30913992380649619E-02 2.55967364147185572E-01
force 6.45877495434523941E-02 -4.42818434029280603E-02 1.63566791785748379E-02
qforce 0.00000000000000000E+00 0.00000000000000000E+00 0.00000000000000000E+00 0.00000000000000000E+00 0.00000000000000000E+00 0.00000000000000000E+00 0.00000000000000000E+00 0.00000000000000000E+00 0.00000000000000000E+00 6.41129714673748241E-02 -4.42818434029280533E-02 -1.81285750808533874E-02
acc -2.81200440005611974E+00 -1.57297908021559230E+00 6.37409818330891866E+01 -1.34870976702064009E+01 -1.49788859866516999E+00 1.21352820979869414E+01 -6.83945573081141767E+00 3.76907733298477652E+01 -1.31182303751429696E+01 -1.42399522484381080E+01 -4.85470233748926994E+00 2.28070996411884996E+00
dot
step SUCCESS
state -2.17656756801117048E-02 -1.91782014859723689E-02 -1.72194601448181963E-03 9.99956858908201296E-01 -6.33324759298708150E-03 -2.72365429128358693E-03 6.22511081600682185E-03 9.99872325146776042E-01 -1.13079575640836188E-02 -9.72104913694346248E-03 5.74148978798713801E-03 9.99911644122376098E-01 -6.74462711295937753E-03 1.14372837863463278E-02 6.34423504073267563E-04 3.60969725794911336E-02 -1.22490155816904304E-02 2.35367505258574999E-01 1.37185776320322028E-01 3.41545101545571994E-01 3.64116495120963168E-01 7.45161731433782639E-03 1.39035641223021564E-02 -4.04883814227443850E-01 7.88583078960256312E-02 6.71004514335408198E-02 2.16617066784614232E-01 1.75000000000000044E-01
lifecycle PASS
