-0.32983304529899776
0.00011418600000000001
5.7623e-05
5.8187000000000004e-05
5.7538000000000004e-05
5.7093000000000004e-05
5.8078000000000002e-05
5.9054000000000001e-05
5.8609000000000001e-05
5.7332000000000006e-05
5.7527000000000007e-05
9.0590000000000012e-05
5.9856000000000004e-05
5.9791000000000004e-05
6.0094000000000004e-05
5.9953000000000007e-05
5.9975000000000001e-05
6.0050000000000003e-05
5.9671000000000005e-05
6.0050000000000003e-05
6.0213000000000001e-05
5.9975000000000001e-05
5.8144000000000004e-05
6.0094000000000004e-05
0.000158734
6.0148000000000001e-05
6.0386000000000001e-05
6.0289000000000005e-05
6.0029000000000004e-05
6.0527000000000005e-05
6.0072000000000004e-05
7.8792e-05
5.9975000000000001e-05
5.9855000000000002e-05
5.9942000000000003e-05
5.9833000000000001e-05
6.0235000000000002e-05
5.9963000000000002e-05
5.9920000000000002e-05
5.9628000000000006e-05
5.9563000000000006e-05
5.9942000000000003e-05
5.9639000000000003e-05
5.9401000000000003e-05
6.0104000000000006e-05
5.9953000000000007e-05
0.027500627000000003
5.5630000000000001e-05
5.6378000000000001e-05
6.1654000000000003e-05
5.6454000000000005e-05
5.6421000000000001e-05
6.377700000000001e-05
6.311600000000001e-05
5.6010000000000001e-05
5.6183000000000001e-05
5.6486000000000001e-05
5.6638000000000002e-05
5.6541000000000006e-05
5.6519000000000006e-05
5.6627000000000005e-05
5.6259000000000005e-05
5.5923000000000007e-05
5.5988000000000007e-05
5.6475000000000004e-05
5.6984000000000002e-05
5.6302000000000004e-05
5.6692000000000005e-05
5.6497000000000005e-05
5.6508000000000002e-05
5.6150000000000003e-05
5.6541000000000006e-05
5.6714000000000006e-05
5.4926000000000002e-05
5.6389000000000005e-05
5.6356e-05
5.5858000000000006e-05
5.5825000000000002e-05
5.6638000000000002e-05
6.3008000000000004e-05
7.9518000000000007e-05
5.5944000000000005e-05
5.6204000000000006e-05
6.9974000000000005e-05
5.6649000000000006e-05
5.6410000000000004e-05
5.6302000000000004e-05
5.6259000000000005e-05
5.6465000000000002e-05
5.5175000000000006e-05
5.5609000000000002e-05
5.5814000000000005e-05
5.5652000000000002e-05
5.5641000000000005e-05
5.5121000000000003e-05
5.6031000000000006e-05
5.5620000000000006e-05
5.5685000000000006e-05
5.6476000000000006e-05
5.6020000000000002e-05
5.5219000000000001e-05
5.6053e-05
5.5381000000000004e-05
5.5641000000000005e-05
5.5901000000000006e-05
5.5468000000000005e-05
5.6410000000000004e-05
5.5825000000000002e-05
5.5360000000000005e-05
5.5425000000000006e-05
5.5392000000000001e-05
5.7721000000000005e-05
5.6562000000000005e-05
5.7277000000000001e-05
5.8263000000000001e-05
5.5750000000000007e-05
5.6411000000000006e-05
5.8014000000000004e-05
7.9756e-05
5.8220000000000002e-05
5.6562000000000005e-05
5.7580000000000001e-05
5.7179000000000003e-05
5.6800000000000005e-05
5.7158000000000004e-05
5.7180000000000005e-05
5.7050000000000004e-05
5.7310000000000005e-05
6.355e-05
