-3.29833045298997651E-01
1.13320000000000006E-04
7.88029999999999975E-05
8.16089999999999974E-05
7.83160000000000003E-05
9.03299999999999974E-05
9.19009999999999998E-05
7.76990000000000027E-05
7.47520000000000053E-05
7.64529999999999946E-05
8.03640000000000051E-05
7.99509999999999940E-05
7.74929999999999982E-05
1.35994000000000013E-04
7.84890000000000002E-05
7.35059999999999972E-05
8.06460000000000000E-05
8.78610000000000046E-05
7.73950000000000001E-05
7.30400000000000054E-05
7.42529999999999953E-05
7.42529999999999953E-05
7.41669999999999965E-05
8.82610000000000008E-05
7.43399999999999964E-05
7.44160000000000004E-05
1.02399000000000007E-04
7.44809999999999938E-05
7.89120000000000061E-05
7.46330000000000019E-05
7.51739999999999955E-05
7.46429999999999967E-05
7.84249999999999954E-05
1.23048000000000005E-04
8.24539999999999936E-05
6.41196799999999966E-03
7.43940000000000063E-05
7.45780000000000032E-05
7.45019999999999992E-05
1.07231000000000004E-04
7.35379999999999996E-05
7.53150000000000065E-05
9.35040000000000046E-05
1.33382999999999993E-04
7.40040000000000050E-05
7.34410000000000038E-05
7.38629999999999940E-05
7.38089999999999975E-05
1.16374999999999996E-04
7.36349999999999955E-05
7.37550000000000011E-05
7.37010000000000047E-05
7.39069999999999956E-05
7.33540000000000028E-05
7.35489999999999966E-05
1.21096999999999996E-04
7.40910000000000060E-05
8.60510000000000067E-05
7.34840000000000032E-05
7.39499999999999950E-05
7.37659999999999981E-05
9.15010000000000037E-05
7.35499999999999988E-05
7.35590000000000050E-05
7.35919999999999961E-05
7.34619999999999956E-05
7.39280000000000010E-05
7.33970000000000022E-05
8.85970000000000057E-05
7.40799999999999955E-05
7.35160000000000056E-05
7.39059999999999934E-05
7.40580000000000014E-05
7.34189999999999962E-05
7.33649999999999998E-05
7.34079999999999992E-05
8.88139999999999936E-05
7.36359999999999977E-05
7.32889999999999958E-05
7.30619999999999994E-05
8.64849999999999961E-05
7.34090000000000014E-05
2.03909000000000002E-04
7.33970000000000022E-05
7.36899999999999941E-05
7.32779999999999987E-05
7.40470000000000044E-05
7.32349999999999993E-05
7.33649999999999998E-05
7.38199999999999946E-05
7.34300000000000068E-05
7.36789999999999971E-05
7.34950000000000002E-05
7.35489999999999966E-05
7.32560000000000047E-05
2.26671000000000012E-04
1.21411999999999996E-04
7.46859999999999961E-05
7.47839999999999941E-05
7.43829999999999958E-05
7.52070000000000001E-05
4.48861599999999996E-03
7.56079999999999985E-05
7.56189999999999955E-05
7.57270000000000019E-05
7.51309999999999961E-05
7.62580000000000007E-05
7.63010000000000001E-05
7.61709999999999997E-05
7.64959999999999940E-05
7.62139999999999991E-05
7.60839999999999986E-05
7.64849999999999970E-05
7.44269999999999974E-05
7.24010000000000002E-05
7.22269999999999981E-05
7.13710000000000050E-05
7.19349999999999948E-05
7.16749999999999939E-05
7.14370000000000006E-05
7.11759999999999975E-05
7.14800000000000000E-05
7.17290000000000039E-05
7.16860000000000045E-05
7.25959999999999941E-05
7.24010000000000002E-05
9.17600000000000024E-05
7.20430000000000012E-05
7.26820000000000065E-05
