-0.32983304529899776
0.00012454300000000002
6.4731000000000001e-05
6.7970000000000001e-05
9.0732000000000012e-05
0.00018936000000000002
6.5067000000000006e-05
6.2498999999999999e-05
6.2801999999999999e-05
6.2997000000000007e-05
9.7992000000000006e-05
6.312800000000001e-05
5.8242000000000002e-05
5.7581000000000003e-05
5.8437000000000003e-05
0.00018174400000000001
5.8523000000000002e-05
0.00011820600000000001
9.4165000000000004e-05
7.2249000000000006e-05
7.9389000000000008e-05
0.00011463000000000001
5.8642000000000005e-05
5.9162e-05
5.9899000000000004e-05
6.7223000000000003e-05
6.0874000000000007e-05
6.1057999999999997e-05
6.6941000000000008e-05
6.0668000000000003e-05
6.1470000000000006e-05
6.135e-05
6.6952000000000005e-05
6.6973000000000011e-05
6.0484000000000006e-05
5.9108000000000004e-05
0.00019963000000000001
6.1155000000000007e-05
6.1557000000000007e-05
6.110100000000001e-05
6.1069000000000008e-05
6.0104000000000006e-05
6.5955000000000001e-05
6.758e-05
6.1069000000000008e-05
6.0960000000000006e-05
9.5173000000000005e-05
0.000132321
0.00010213900000000001
6.124300000000001e-05
6.1459000000000009e-05
6.0571000000000007e-05
6.1492e-05
5.9964000000000004e-05
8.8207000000000004e-05
6.1535e-05
6.219500000000001e-05
6.1892999999999998e-05
6.2076000000000007e-05
6.1015000000000005e-05
6.0819000000000002e-05
6.0463000000000007e-05
6.2044000000000004e-05
6.0939e-05
6.7795999999999999e-05
6.1123000000000004e-05
7.3343000000000006e-05
6.141600000000001e-05
0.000159619
6.1360999999999997e-05
6.1784000000000003e-05
6.2325999999999999e-05
0.0091547600000000014
6.1654000000000003e-05
7.5391000000000011e-05
7.3159000000000009e-05
7.0689e-05
8.2844000000000008e-05
6.5260999999999997e-05
6.0744000000000007e-05
6.6453000000000009e-05
6.1198000000000006e-05
6.4102000000000004e-05
6.1447999999999998e-05
6.3159999999999998e-05
7.0483000000000009e-05
6.574900000000001e-05
6.2596999999999997e-05
6.3626000000000004e-05
5.9368000000000005e-05
6.4556999999999999e-05
7.5272000000000007e-05
9.2757000000000007e-05
7.0938000000000004e-05
6.1177000000000001e-05
7.7546000000000006e-05
7.0384999999999998e-05
6.3625000000000002e-05
6.2108999999999998e-05
9.6148000000000002e-05
6.4135000000000009e-05
6.0755000000000004e-05
7.7189000000000009e-05
6.3387000000000008e-05
6.0299000000000007e-05
7.5174000000000009e-05
7.3571000000000004e-05
0.0016511560000000002
6.110100000000001e-05
6.1091000000000002e-05
6.1351000000000003e-05
5.8295000000000003e-05
5.6616000000000001e-05
6.8652000000000006e-05
7.5595999999999999e-05
5.6866000000000001e-05
5.7331000000000004e-05
5.9022000000000005e-05
6.9292e-05
6.2108999999999998e-05
6.6301000000000001e-05
8.1534000000000009e-05
6.8782000000000007e-05
5.9553000000000004e-05
6.3409000000000002e-05
8.2119000000000004e-05
5.9920000000000002e-05
6.9031999999999999e-05
5.8696000000000002e-05
