-3.29833045298997651E-01
1.02973000000000005E-04
7.55420000000000028E-05
7.51960000000000031E-05
7.57809999999999983E-05
7.55209999999999974E-05
9.26270000000000061E-05
7.53479999999999976E-05
7.52070000000000001E-05
7.51199999999999991E-05
7.51199999999999991E-05
8.01470000000000036E-05
7.53370000000000005E-05
7.82610000000000017E-05
7.48599999999999982E-05
7.52280000000000055E-05
7.52830000000000041E-05
7.52609999999999965E-05
7.52710000000000049E-05
9.55409999999999989E-05
7.52280000000000055E-05
7.84679999999999948E-05
7.50329999999999980E-05
7.53909999999999970E-05
1.13408650000000003E-02
8.42310000000000004E-05
8.64950000000000045E-05
8.61259999999999950E-05
1.00481000000000002E-04
8.45019999999999983E-05
8.50970000000000020E-05
8.14039999999999951E-05
7.70049999999999988E-05
7.22709999999999997E-05
7.64959999999999940E-05
7.65180000000000016E-05
7.42750000000000029E-05
7.46970000000000067E-05
7.48159999999999965E-05
7.44160000000000004E-05
9.33639999999999958E-05
7.48279999999999958E-05
7.44370000000000058E-05
7.45790000000000054E-05
7.50980000000000050E-05
7.89879999999999966E-05
7.45350000000000038E-05
7.44269999999999974E-05
7.45239999999999932E-05
7.43070000000000053E-05
7.45670000000000062E-05
7.44480000000000028E-05
7.44589999999999998E-05
7.86630000000000022E-05
7.51090000000000020E-05
7.40799999999999955E-05
7.53800000000000000E-05
7.43070000000000053E-05
7.43829999999999958E-05
7.43829999999999958E-05
7.37440000000000041E-05
7.41229999999999949E-05
7.49360000000000022E-05
7.47080000000000037E-05
7.47849999999999963E-05
7.45449999999999986E-05
7.47839999999999941E-05
7.43839999999999980E-05
9.38510000000000066E-05
7.49250000000000052E-05
7.50869999999999945E-05
7.42320000000000035E-05
7.50980000000000050E-05
7.50869999999999945E-05
7.48599999999999982E-05
7.50220000000000010E-05
7.48380000000000041E-05
7.50120000000000062E-05
7.52719999999999935E-05
7.49139999999999946E-05
9.24319999999999986E-05
7.52289999999999941E-05
1.23321590000000005E-02
7.39389999999999980E-05
7.43620000000000039E-05
7.18479999999999938E-05
7.37980000000000005E-05
7.40799999999999955E-05
7.50439999999999950E-05
7.51410000000000044E-05
7.36349999999999955E-05
7.50769999999999996E-05
7.45350000000000038E-05
7.36580000000000053E-05
7.23470000000000038E-05
7.48599999999999982E-05
7.52280000000000055E-05
7.36030000000000066E-05
7.45460000000000008E-05
7.25200000000000036E-05
7.38740000000000045E-05
7.35059999999999972E-05
7.37120000000000017E-05
7.26940000000000057E-05
7.24549999999999966E-05
7.40689999999999984E-05
7.39610000000000056E-05
9.36129999999999997E-05
7.52280000000000055E-05
7.56079999999999985E-05
7.90090000000000020E-05
7.42640000000000059E-05
7.49469999999999992E-05
7.59430000000000012E-05
7.56720000000000033E-05
7.58560000000000001E-05
7.57379999999999989E-05
8.01569999999999984E-05
7.59320000000000042E-05
7.94639999999999968E-05
7.59750000000000036E-05
7.63220000000000055E-05
7.63330000000000025E-05
7.57479999999999937E-05
7.61929999999999937E-05
7.50110000000000040E-05
7.92370000000000005E-05
7.42419999999999983E-05
8.48049999999999987E-05
