-0.32983304529899776
0.00011381800000000001
5.7949000000000004e-05
5.8068e-05
5.8111000000000007e-05
5.8393000000000001e-05
5.8382000000000004e-05
5.8783000000000003e-05
6.298600000000001e-05
5.8555000000000004e-05
5.8025000000000001e-05
5.9162e-05
5.8208000000000002e-05
7.7579000000000011e-05
5.8198000000000001e-05
5.8058000000000006e-05
5.7646000000000003e-05
5.8165000000000003e-05
5.8393000000000001e-05
0.028940624000000002
5.5609000000000002e-05
6.7071000000000009e-05
6.0126000000000007e-05
6.0094000000000004e-05
6.0137000000000004e-05
5.9021000000000003e-05
5.9183000000000006e-05
6.3127000000000007e-05
5.7743000000000006e-05
5.8079000000000004e-05
0.000114728
0.000111185
5.8848000000000003e-05
5.9910000000000001e-05
6.0051000000000005e-05
5.9996000000000006e-05
5.8881000000000001e-05
5.9249000000000001e-05
6.0223000000000003e-05
6.0224000000000005e-05
7.2812000000000007e-05
6.0310000000000004e-05
6.0495000000000003e-05
7.8055999999999999e-05
5.9129000000000003e-05
5.8404000000000005e-05
5.8469000000000006e-05
0.000158658
5.6638000000000002e-05
5.6453000000000003e-05
5.6530000000000003e-05
5.6486000000000001e-05
5.5662000000000003e-05
5.5815000000000007e-05
5.6963000000000003e-05
5.7374000000000003e-05
5.6833000000000003e-05
6.5933000000000007e-05
9.1501000000000004e-05
6.7904000000000006e-05
6.1231999999999999e-05
8.7373000000000005e-05
8.2054000000000011e-05
8.4794000000000002e-05
8.539100000000001e-05
5.9780000000000007e-05
6.1134000000000001e-05
8.6539000000000006e-05
6.7785000000000002e-05
8.7243000000000005e-05
8.6560000000000011e-05
6.0982000000000007e-05
8.6116e-05
8.7177000000000009e-05
6.2391000000000006e-05
8.6886000000000008e-05
6.1773000000000006e-05
8.5791000000000006e-05
9.6646000000000009e-05
6.1914000000000004e-05
8.6279000000000005e-05
8.5173000000000006e-05
6.0646000000000002e-05
8.6842000000000006e-05
6.2757999999999998e-05
8.4838000000000003e-05
6.3127000000000007e-05
6.5814000000000004e-05
8.6928000000000005e-05
8.0656000000000008e-05
0.029698016000000001
5.6497000000000005e-05
5.6660000000000003e-05
5.6216000000000005e-05
5.6107000000000003e-05
5.6703000000000002e-05
5.6161000000000007e-05
5.7472000000000001e-05
5.6497000000000005e-05
5.7829000000000005e-05
5.7992000000000003e-05
5.7353000000000005e-05
5.7212e-05
5.7667000000000002e-05
5.7592000000000007e-05
5.9455000000000006e-05
6.0343000000000001e-05
6.0528000000000001e-05
6.0473000000000002e-05
5.9476000000000005e-05
5.8610000000000003e-05
5.7786000000000005e-05
5.8815000000000005e-05
6.0549000000000006e-05
6.0852000000000006e-05
5.9812000000000003e-05
5.6649000000000006e-05
5.8025000000000001e-05
5.8360000000000004e-05
5.7201000000000003e-05
5.7776000000000004e-05
5.7981000000000006e-05
5.8739000000000001e-05
5.8837000000000006e-05
5.8740000000000003e-05
5.9411000000000004e-05
6.0029000000000004e-05
8.275800000000001e-05
5.8783000000000003e-05
