-3.29833045298997651E-01
1.09093999999999996E-04
7.55430000000000050E-05
7.55420000000000028E-05
7.49680000000000046E-05
7.53150000000000065E-05
9.47400000000000043E-05
7.92359999999999983E-05
7.45249999999999954E-05
7.49790000000000016E-05
7.45249999999999954E-05
7.52929999999999989E-05
7.56069999999999963E-05
7.46319999999999997E-05
7.57369999999999967E-05
7.40689999999999984E-05
7.49680000000000046E-05
7.50110000000000040E-05
7.46330000000000019E-05
7.48159999999999965E-05
7.47299999999999977E-05
7.50769999999999996E-05
7.50120000000000062E-05
7.50550000000000056E-05
7.55649999999999990E-05
7.48490000000000011E-05
1.37346859999999994E-02
7.34079999999999992E-05
7.32459999999999963E-05
7.38850000000000016E-05
7.35700000000000020E-05
7.35700000000000020E-05
7.32250000000000045E-05
7.35169999999999942E-05
7.39819999999999974E-05
7.33649999999999998E-05
9.76320000000000031E-05
7.83589999999999997E-05
7.52169999999999949E-05
7.50439999999999950E-05
7.48060000000000017E-05
7.51090000000000020E-05
7.54990000000000034E-05
7.52929999999999989E-05
1.05334999999999994E-04
1.26634000000000008E-04
7.55319999999999944E-05
9.23340000000000006E-05
7.52609999999999965E-05
7.54659999999999988E-05
7.51420000000000066E-05
7.53039999999999959E-05
7.51309999999999961E-05
7.52280000000000055E-05
7.51749999999999977E-05
7.54120000000000024E-05
7.50550000000000056E-05
7.54560000000000040E-05
7.53800000000000000E-05
9.70799999999999989E-05
7.53039999999999959E-05
7.50660000000000026E-05
7.45559999999999956E-05
7.53370000000000005E-05
7.52710000000000049E-05
7.52169999999999949E-05
7.53580000000000059E-05
7.51960000000000031E-05
7.51850000000000061E-05
7.57379999999999989E-05
1.15800030000000002E-02
7.41020000000000030E-05
7.50660000000000026E-05
7.42640000000000059E-05
7.44379999999999944E-05
7.50120000000000062E-05
7.41450000000000025E-05
7.44050000000000034E-05
7.40689999999999984E-05
7.44149999999999982E-05
9.16199999999999935E-05
7.40259999999999990E-05
7.39280000000000010E-05
7.46760000000000013E-05
7.41229999999999949E-05
7.40040000000000050E-05
7.41779999999999935E-05
7.43940000000000063E-05
7.39170000000000040E-05
7.42310000000000013E-05
7.40580000000000014E-05
9.85429999999999949E-05
9.27029999999999966E-05
7.43070000000000053E-05
7.43180000000000023E-05
7.27800000000000045E-05
7.21839999999999987E-05
7.26719999999999981E-05
7.23790000000000062E-05
7.31479999999999983E-05
7.25419999999999977E-05
8.96689999999999982E-05
7.35270000000000026E-05
7.37010000000000047E-05
7.83160000000000003E-05
7.38850000000000016E-05
7.89550000000000055E-05
7.43509999999999934E-05
7.43610000000000018E-05
7.42419999999999983E-05
7.43509999999999934E-05
7.44809999999999938E-05
7.38089999999999975E-05
7.29100000000000050E-05
7.43399999999999964E-05
7.39710000000000004E-05
7.69940000000000018E-05
1.32647000000000006E-04
7.22060000000000063E-05
7.22060000000000063E-05
8.95939999999999963E-05
7.18590000000000044E-05
7.20430000000000012E-05
7.29319999999999990E-05
7.16100000000000005E-05
7.18700000000000014E-05
7.15339999999999965E-05
7.25529999999999947E-05
7.12739999999999956E-05
