-0.32983304529899776
0.030204286
5.9996000000000006e-05
6.1047e-05
6.1545000000000008e-05
6.2780000000000005e-05
6.281300000000001e-05
6.2899999999999997e-05
6.2564000000000006e-05
6.3105e-05
6.2541999999999999e-05
6.0073000000000006e-05
6.1253000000000005e-05
6.1524000000000003e-05
6.189200000000001e-05
6.0722000000000006e-05
6.0538000000000002e-05
5.8999000000000002e-05
5.9715000000000007e-05
8.3635000000000008e-05
6.5650999999999999e-05
6.1588000000000007e-05
6.0029000000000004e-05
6.0528000000000001e-05
5.9488000000000004e-05
5.9769000000000003e-05
6.0766000000000001e-05
6.0527000000000005e-05
5.9920000000000002e-05
6.0896000000000001e-05
6.1047e-05
6.0538000000000002e-05
6.0354000000000005e-05
6.0484000000000006e-05
6.0202000000000004e-05
6.0148000000000001e-05
5.9476000000000005e-05
7.8294000000000006e-05
7.573700000000001e-05
6.5067000000000006e-05
6.0689000000000001e-05
6.0592000000000005e-05
6.0787000000000006e-05
5.9823000000000006e-05
6.0679000000000006e-05
6.0516000000000001e-05
5.9953000000000007e-05
6.0722000000000006e-05
6.0874000000000007e-05
6.0971000000000003e-05
6.0917000000000006e-05
6.0397000000000005e-05
6.0180000000000003e-05
8.4404e-05
6.2671999999999999e-05
6.9097000000000006e-05
6.1427000000000007e-05
6.1947000000000008e-05
6.1957000000000003e-05
6.1600000000000007e-05
6.1957000000000003e-05
6.2661000000000002e-05
6.4513999999999999e-05
5.6281000000000005e-05
5.5696000000000003e-05
5.5923000000000007e-05
5.6345000000000003e-05
7.4123000000000008e-05
5.6259000000000005e-05
5.6064000000000004e-05
5.6421000000000001e-05
5.6465000000000002e-05
6.2954000000000007e-05
5.7288000000000004e-05
5.8078000000000002e-05
5.8382000000000004e-05
7.5272000000000007e-05
5.6497000000000005e-05
5.7895e-05
0.029979545999999968
5.7548000000000005e-05
5.6692000000000005e-05
5.5413000000000006e-05
5.6335000000000002e-05
5.5750000000000007e-05
5.7277000000000001e-05
5.8014000000000004e-05
5.7007000000000005e-05
5.6096000000000006e-05
5.8198000000000001e-05
5.7884000000000003e-05
5.7049000000000002e-05
5.5511000000000004e-05
5.5641000000000005e-05
5.7905000000000002e-05
5.6833000000000003e-05
5.588e-05
5.6736e-05
5.6541000000000006e-05
5.6995000000000006e-05
5.6443000000000002e-05
5.7667000000000002e-05
8.4405000000000002e-05
6.0657000000000006e-05
5.6681000000000002e-05
5.6583000000000004e-05
5.7266000000000004e-05
5.7201000000000003e-05
5.7905000000000002e-05
5.7321000000000002e-05
6.2844999999999999e-05
5.8068e-05
5.6238000000000006e-05
5.6736e-05
5.6540000000000004e-05
5.6703000000000002e-05
5.6855000000000004e-05
5.7364000000000002e-05
5.7613000000000006e-05
5.7526000000000005e-05
5.7515000000000001e-05
5.7699000000000004e-05
5.7689000000000003e-05
5.7245000000000005e-05
5.8198000000000001e-05
5.7364000000000002e-05
5.7321000000000002e-05
5.6552000000000003e-05
5.5944000000000005e-05
