-3.29833045298997651E-01
1.20914000000000001E-04
7.33759999999999968E-05
7.28879999999999974E-05
7.38850000000000016E-05
7.33319999999999952E-05
7.34079999999999992E-05
1.37185000000000009E-04
7.45890000000000002E-05
9.36669999999999961E-05
7.42969999999999969E-05
7.48820000000000057E-05
7.30719999999999943E-05
7.32889999999999958E-05
7.42529999999999953E-05
7.38850000000000016E-05
2.03768999999999993E-04
7.54010000000000053E-05
7.34950000000000002E-05
7.25529999999999947E-05
7.30619999999999994E-05
7.41989999999999989E-05
7.46319999999999997E-05
7.47739999999999993E-05
7.21839999999999987E-05
7.35160000000000056E-05
7.24549999999999966E-05
7.43620000000000039E-05
7.38529999999999992E-05
7.31380000000000035E-05
1.23933999999999996E-04
8.31909999999999968E-05
9.16310000000000041E-05
7.15229999999999994E-05
7.19020000000000038E-05
7.27699999999999961E-05
7.23790000000000062E-05
7.40580000000000014E-05
8.71339999999999962E-05
7.47520000000000053E-05
7.49680000000000046E-05
7.47299999999999977E-05
7.45030000000000014E-05
7.47520000000000053E-05
7.40580000000000014E-05
7.34730000000000062E-05
7.44699999999999968E-05
7.45559999999999956E-05
7.32459999999999963E-05
7.46439999999999989E-05
7.14479999999999976E-05
7.41559999999999995E-05
7.42320000000000035E-05
7.26820000000000065E-05
2.91092789999999983E-02
7.35160000000000056E-05
7.41119999999999979E-05
7.38529999999999992E-05
7.38089999999999975E-05
7.38089999999999975E-05
7.36140000000000037E-05
7.39819999999999974E-05
7.39389999999999980E-05
7.33869999999999938E-05
7.26070000000000047E-05
7.36150000000000058E-05
7.36580000000000053E-05
7.71670000000000017E-05
7.24439999999999996E-05
7.38740000000000045E-05
7.17499999999999957E-05
7.31270000000000064E-05
7.36680000000000001E-05
7.19890000000000048E-05
7.65500000000000040E-05
8.64200000000000027E-05
7.33649999999999998E-05
8.93880000000000054E-05
7.37010000000000047E-05
9.53130000000000004E-05
8.12739999999999947E-05
7.31589999999999953E-05
7.37870000000000035E-05
7.37109999999999995E-05
7.35169999999999942E-05
7.54130000000000046E-05
7.74599999999999936E-05
7.41239999999999971E-05
7.54130000000000046E-05
7.34730000000000062E-05
7.32790000000000009E-05
7.35280000000000048E-05
7.29100000000000050E-05
7.30289999999999949E-05
7.31159999999999959E-05
7.28780000000000026E-05
7.31490000000000005E-05
7.31380000000000035E-05
7.30289999999999949E-05
7.30609999999999973E-05
7.33860000000000052E-05
7.33649999999999998E-05
7.31909999999999977E-05
7.33540000000000028E-05
7.28350000000000031E-05
1.36754999999999987E-04
1.10636000000000003E-04
7.29419999999999938E-05
7.31919999999999999E-05
7.28350000000000031E-05
7.74489999999999966E-05
7.33110000000000033E-05
9.24429999999999957E-05
7.33869999999999938E-05
7.39499999999999950E-05
7.35059999999999972E-05
7.37450000000000063E-05
7.37870000000000035E-05
7.33540000000000028E-05
7.35049999999999950E-05
7.38959999999999986E-05
7.42419999999999983E-05
7.39499999999999950E-05
7.42430000000000005E-05
7.40259999999999990E-05
7.37870000000000035E-05
7.40910000000000060E-05
2.93408219999999990E-02
7.56400000000000009E-05
