-3.29833045298997651E-01
1.06917000000000006E-04
7.43940000000000063E-05
9.40670000000000059E-05
7.43940000000000063E-05
7.42959999999999947E-05
7.44259999999999952E-05
7.40900000000000038E-05
7.43719999999999988E-05
7.42859999999999999E-05
7.44259999999999952E-05
7.42750000000000029E-05
7.41880000000000019E-05
7.43949999999999950E-05
7.49029999999999976E-05
7.40900000000000038E-05
7.40910000000000060E-05
7.42200000000000043E-05
7.43719999999999988E-05
7.43070000000000053E-05
7.41349999999999941E-05
7.43070000000000053E-05
7.43940000000000063E-05
7.42099999999999959E-05
7.44910000000000022E-05
7.40580000000000014E-05
7.42969999999999969E-05
7.41880000000000019E-05
7.42959999999999947E-05
7.48930000000000028E-05
7.41440000000000003E-05
7.23139999999999992E-05
9.03739999999999990E-05
7.38959999999999986E-05
7.76229999999999986E-05
8.83589999999999988E-05
7.23249999999999962E-05
7.33759999999999968E-05
7.58239999999999977E-05
7.35280000000000048E-05
7.35489999999999966E-05
7.40700000000000006E-05
7.32240000000000023E-05
7.36140000000000037E-05
7.38089999999999975E-05
7.33970000000000022E-05
7.35820000000000012E-05
7.36140000000000037E-05
7.36349999999999955E-05
7.36690000000000023E-05
7.36570000000000031E-05
7.40799999999999955E-05
7.40470000000000044E-05
7.37010000000000047E-05
7.38629999999999940E-05
7.37109999999999995E-05
8.63660000000000062E-05
7.38300000000000029E-05
7.39829999999999996E-05
7.37760000000000065E-05
7.35710000000000042E-05
9.18040000000000040E-05
2.96197890000000005E-02
7.37010000000000047E-05
7.22379999999999951E-05
7.40900000000000038E-05
7.34950000000000002E-05
7.34090000000000014E-05
7.29859999999999954E-05
7.33209999999999982E-05
7.40580000000000014E-05
7.38850000000000016E-05
7.37329999999999935E-05
7.42210000000000065E-05
7.37990000000000027E-05
7.37870000000000035E-05
7.41779999999999935E-05
7.35820000000000012E-05
7.35599999999999937E-05
7.34950000000000002E-05
7.32029999999999969E-05
7.41450000000000025E-05
7.32779999999999987E-05
7.39829999999999996E-05
7.47409999999999947E-05
7.18590000000000044E-05
8.71339999999999962E-05
7.37659999999999981E-05
9.05039999999999995E-05
7.23139999999999992E-05
7.25419999999999977E-05
8.90850000000000051E-05
3.86703999999999976E-04
7.30400000000000054E-05
7.73079999999999991E-05
7.38199999999999946E-05
9.44690000000000064E-05
7.35059999999999972E-05
7.25200000000000036E-05
7.34189999999999962E-05
7.35379999999999996E-05
7.37769999999999951E-05
7.34950000000000002E-05
7.38199999999999946E-05
7.43399999999999964E-05
7.38740000000000045E-05
7.41770000000000049E-05
9.32670000000000000E-05
7.35710000000000042E-05
7.61600000000000027E-05
7.55430000000000050E-05
7.58570000000000023E-05
7.58140000000000029E-05
8.95509999999999969E-05
7.75260000000000028E-05
7.60190000000000052E-05
7.61160000000000010E-05
7.61060000000000062E-05
7.57270000000000019E-05
7.63979999999999960E-05
7.59760000000000058E-05
7.58789999999999964E-05
7.63119999999999971E-05
7.64959999999999940E-05
9.44790000000000012E-05
7.55310000000000058E-05
7.65070000000000046E-05
7.71240000000000022E-05
7.61490000000000056E-05
