-0.32983304529899776
0.00012036100000000001
5.9758000000000006e-05
5.9649000000000004e-05
6.3528000000000006e-05
5.8123000000000006e-05
5.6714000000000006e-05
5.6540000000000004e-05
6.2498999999999999e-05
6.3571000000000005e-05
5.6367000000000004e-05
5.8068e-05
5.9238000000000004e-05
5.8241000000000007e-05
6.0051000000000005e-05
5.9206000000000002e-05
5.9682000000000002e-05
5.7960000000000001e-05
6.2976000000000001e-05
6.3311000000000004e-05
5.7603000000000004e-05
5.9217000000000006e-05
7.6561000000000001e-05
5.9368000000000005e-05
5.9086000000000003e-05
5.8284000000000006e-05
5.7754000000000003e-05
5.8382000000000004e-05
5.8112000000000002e-05
5.8989000000000001e-05
7.8749000000000001e-05
5.9585000000000006e-05
5.9422000000000001e-05
5.9574000000000003e-05
8.0061000000000005e-05
5.7602000000000002e-05
5.8371000000000001e-05
5.7873000000000006e-05
5.9227000000000001e-05
5.8751e-05
5.7797000000000002e-05
5.7646000000000003e-05
5.9259000000000003e-05
5.9834000000000003e-05
5.8436000000000001e-05
5.7949000000000004e-05
0.015992006
6.0126000000000007e-05
5.8913000000000003e-05
5.9845e-05
5.9552000000000002e-05
5.9964000000000004e-05
5.7981000000000006e-05
5.8155000000000001e-05
5.8057000000000003e-05
5.9454000000000004e-05
5.9076000000000002e-05
5.9856000000000004e-05
5.9509000000000002e-05
6.0170000000000002e-05
5.8598000000000004e-05
5.7993000000000005e-05
5.783e-05
5.9238000000000004e-05
5.9422000000000001e-05
5.9769000000000003e-05
8.0829000000000008e-05
5.8252000000000004e-05
5.7916000000000006e-05
5.9379000000000002e-05
5.8978000000000004e-05
5.8631000000000002e-05
5.9249000000000001e-05
5.9238000000000004e-05
5.9119000000000001e-05
5.8230000000000003e-05
5.8111000000000007e-05
5.8339000000000005e-05
5.9379000000000002e-05
5.8729000000000006e-05
5.9628000000000006e-05
5.9379000000000002e-05
5.9347000000000006e-05
5.9498000000000005e-05
7.5283000000000004e-05
5.8058000000000006e-05
5.8133000000000001e-05
5.9379000000000002e-05
5.9195000000000005e-05
5.8751e-05
5.9650000000000007e-05
5.9801000000000006e-05
5.9574000000000003e-05
5.9877000000000003e-05
5.8350000000000002e-05
5.7602000000000002e-05
5.8339000000000005e-05
5.8880000000000005e-05
5.9498000000000005e-05
5.9000000000000004e-05
5.7840000000000002e-05
5.8198000000000001e-05
8.1057000000000007e-05
5.7245000000000005e-05
5.8772000000000006e-05
5.9260000000000005e-05
5.9422000000000001e-05
5.9530000000000001e-05
5.9444000000000002e-05
5.9270000000000007e-05
5.7515000000000001e-05
5.8653000000000002e-05
7.3116000000000009e-05
5.8892000000000005e-05
5.9628000000000006e-05
5.8241000000000007e-05
6.855500000000001e-05
6.343100000000001e-05
5.8198000000000001e-05
6.9550999999999999e-05
5.9866000000000006e-05
6.0397000000000005e-05
5.9606000000000005e-05
6.0495000000000003e-05
6.0484000000000006e-05
5.9574000000000003e-05
5.8707000000000006e-05
6.3484000000000004e-05
5.6746000000000002e-05
