-0.32983304529899776
0.00013627500000000002
0.00010371000000000001
9.7762000000000004e-05
6.0506000000000007e-05
6.0581000000000002e-05
6.0961000000000001e-05
6.0636000000000007e-05
6.0938000000000005e-05
6.0841000000000002e-05
6.0039000000000006e-05
6.5390999999999998e-05
6.0418000000000003e-05
5.9910000000000001e-05
6.0884000000000002e-05
5.7212e-05
7.3733000000000007e-05
6.5955000000000001e-05
9.6365000000000003e-05
5.9314000000000002e-05
6.1112000000000007e-05
6.0668000000000003e-05
5.9812000000000003e-05
5.7840000000000002e-05
6.6302000000000003e-05
6.0018000000000007e-05
7.7991000000000006e-05
5.8068e-05
6.4244000000000004e-05
5.8187000000000004e-05
6.0418000000000003e-05
6.0983000000000002e-05
6.1524000000000003e-05
6.1816000000000006e-05
5.8945000000000006e-05
5.8988000000000005e-05
6.0104000000000006e-05
6.1014000000000002e-05
6.2087000000000004e-05
5.7678000000000006e-05
5.8220000000000002e-05
6.0365000000000002e-05
6.0754000000000001e-05
6.7515000000000007e-05
6.1968e-05
5.8220000000000002e-05
6.0278000000000001e-05
6.0582000000000004e-05
5.9974000000000005e-05
6.0267000000000004e-05
6.1817000000000008e-05
5.9325000000000005e-05
6.0885000000000004e-05
6.0777000000000004e-05
5.9704000000000003e-05
5.9260000000000005e-05
6.0853000000000002e-05
6.1047e-05
6.1816000000000006e-05
6.7189999999999999e-05
6.2141e-05
8.3993000000000007e-05
6.0343000000000001e-05
5.8859000000000007e-05
6.0061000000000007e-05
6.1210000000000005e-05
6.158900000000001e-05
6.1393e-05
6.1025000000000006e-05
6.1665e-05
6.1773000000000006e-05
6.1014000000000002e-05
6.1112000000000007e-05
6.0267000000000004e-05
6.2185000000000002e-05
6.1091000000000002e-05
6.1675000000000008e-05
7.7785000000000001e-05
6.2846000000000001e-05
6.2521000000000007e-05
6.0192000000000002e-05
6.0993000000000004e-05
6.1860000000000007e-05
6.1567000000000002e-05
6.0841000000000002e-05
6.1707999999999999e-05
6.1880999999999999e-05
6.2033000000000007e-05
6.1166000000000004e-05
6.0451000000000001e-05
6.1307000000000001e-05
9.8954000000000002e-05
0.00011607100000000001
6.2823000000000005e-05
8.1631000000000005e-05
6.1199000000000008e-05
6.0528000000000001e-05
5.9855000000000002e-05
0.00019677
5.8794000000000007e-05
5.9032000000000007e-05
5.9011000000000001e-05
5.8978000000000004e-05
5.8480000000000003e-05
5.8805000000000004e-05
5.9433000000000005e-05
6.7168000000000005e-05
6.1816000000000006e-05
0.029035911000000001
5.8859000000000007e-05
5.8772000000000006e-05
5.9172000000000002e-05
7.727600000000001e-05
6.1762999999999998e-05
6.4157000000000003e-05
5.9108000000000004e-05
5.9498000000000005e-05
6.0473000000000002e-05
6.0386000000000001e-05
6.0333000000000007e-05
6.0798000000000003e-05
6.0787000000000006e-05
6.0830000000000005e-05
6.0300000000000002e-05
6.0495000000000003e-05
6.0625000000000003e-05
6.0029000000000004e-05
6.0408000000000002e-05
6.0375000000000004e-05
