-3.29833045298997651E-01
1.06634999999999998E-04
7.45350000000000038E-05
7.44589999999999998E-05
7.45239999999999932E-05
7.48920000000000006E-05
7.49250000000000052E-05
7.54880000000000064E-05
9.60940000000000053E-05
7.44269999999999974E-05
7.41559999999999995E-05
7.74499999999999988E-05
7.47409999999999947E-05
7.50660000000000026E-05
7.52719999999999935E-05
7.40150000000000020E-05
7.48269999999999936E-05
7.44269999999999974E-05
7.54120000000000024E-05
7.58239999999999977E-05
7.41890000000000041E-05
7.40689999999999984E-05
7.40150000000000020E-05
1.06711000000000002E-04
7.50759999999999974E-05
7.35929999999999983E-05
7.39170000000000040E-05
7.46539999999999937E-05
7.41669999999999965E-05
7.54779999999999980E-05
7.40040000000000050E-05
7.43399999999999964E-05
7.52499999999999995E-05
7.56179999999999933E-05
7.43509999999999934E-05
7.45249999999999954E-05
9.47929999999999986E-05
7.42750000000000029E-05
7.20320000000000042E-05
7.13289999999999942E-05
7.20209999999999937E-05
7.63760000000000019E-05
7.27800000000000045E-05
7.36789999999999971E-05
7.30080000000000030E-05
7.35820000000000012E-05
7.30400000000000054E-05
7.21409999999999993E-05
7.25409999999999955E-05
7.33869999999999938E-05
7.33860000000000052E-05
8.58669999999999963E-05
7.42310000000000013E-05
7.86409999999999947E-05
7.24549999999999966E-05
7.37120000000000017E-05
7.36030000000000066E-05
7.27579999999999969E-05
7.30510000000000024E-05
7.40150000000000020E-05
7.40470000000000044E-05
7.38740000000000045E-05
7.32569999999999933E-05
7.58679999999999993E-05
7.99409999999999991E-05
9.93000000000000013E-05
7.15560000000000040E-05
7.21519999999999963E-05
7.35489999999999966E-05
7.25529999999999947E-05
7.19250000000000000E-05
7.19560000000000002E-05
7.60300000000000022E-05
8.76539999999999980E-05
7.67340000000000009E-05
7.25849999999999971E-05
9.29309999999999951E-05
1.64942000000000007E-04
7.29849999999999932E-05
5.77854000000000041E-04
7.29970000000000060E-05
2.14708000000000005E-04
7.20539999999999983E-05
7.22600000000000027E-05
4.05343999999999973E-04
1.63830000000000009E-04
2.47725999999999979E-04
4.16644999999999993E-04
4.11961000000000022E-04
7.33209999999999982E-05
8.15769999999999950E-05
8.57480000000000064E-05
7.53469999999999954E-05
8.49680000000000037E-05
7.71349999999999992E-05
7.85539999999999936E-05
7.31149999999999937E-05
7.71680000000000038E-05
7.75140000000000036E-05
7.27910000000000015E-05
7.97349999999999947E-05
7.37120000000000017E-05
7.47630000000000023E-05
7.38959999999999986E-05
8.70580000000000057E-05
7.62900000000000031E-05
7.64750000000000022E-05
8.09260000000000041E-05
7.78389999999999979E-05
7.41010000000000009E-05
7.90520000000000014E-05
1.03925999999999994E-04
9.16190000000000049E-05
8.48700000000000057E-05
7.72319999999999951E-05
8.30609999999999964E-05
9.09370000000000003E-05
8.94310000000000048E-05
8.52710000000000040E-05
8.33430000000000049E-05
8.90739999999999945E-05
7.95619999999999948E-05
8.41659999999999934E-05
8.97450000000000022E-05
8.20310000000000012E-05
7.85650000000000042E-05
8.19239999999999969E-05
8.21289999999999992E-05
7.56179999999999933E-05
