-5.73639450727056754E+00
2.55975999999999990E-04
2.32530999999999987E-04
2.21124000000000006E-04
1.74373269999999990E-02
2.13205000000000003E-04
2.26400000000000001E-04
2.27796999999999988E-04
4.70994999999999986E-04
2.04202000000000008E-04
2.03606000000000002E-04
2.04028000000000006E-04
2.02653000000000013E-04
2.02902000000000003E-04
1.96748999999999996E-04
2.04093999999999988E-04
2.03314000000000012E-04
2.24624000000000010E-04
2.12684000000000012E-04
2.05545000000000012E-04
2.02610000000000013E-04
2.02057000000000007E-04
2.03021000000000007E-04
2.01785999999999996E-04
2.11807000000000000E-04
2.08166999999999987E-04
2.16368000000000013E-04
2.47361999999999994E-04
2.12262000000000008E-04
2.24417999999999992E-04
2.04742999999999988E-04
2.16357000000000002E-04
2.09619000000000000E-04
2.09585999999999995E-04
2.18111999999999988E-04
2.20539000000000011E-04
2.25142999999999996E-04
2.29964000000000009E-04
2.13799999999999993E-04
2.05025000000000010E-04
2.08860999999999991E-04
2.15827000000000006E-04
2.20604000000000004E-04
2.20733999999999991E-04
2.30473999999999989E-04
2.10950999999999993E-04
2.11742000000000007E-04
2.37449999999999998E-04
2.11515000000000010E-04
2.12229999999999992E-04
2.43040999999999993E-04
2.26378000000000007E-04
1.93695000000000000E-03
2.20430000000000002E-04
2.38630999999999999E-04
2.21990999999999996E-04
2.14720999999999993E-04
2.06541999999999989E-04
2.16020999999999997E-04
2.28533999999999991E-04
2.26075000000000006E-04
2.37375000000000010E-04
2.24569000000000011E-04
2.12802999999999988E-04
2.15545000000000011E-04
2.08209999999999987E-04
2.11461000000000000E-04
2.06271000000000004E-04
2.14732000000000003E-04
2.18891999999999991E-04
2.17874000000000008E-04
2.34264999999999994E-04
2.63742999999999985E-04
2.06054000000000003E-04
1.67442099999999994E-03
2.06899999999999988E-04
2.40905999999999987E-04
2.07636000000000002E-04
2.08308000000000012E-04
2.17798000000000004E-04
2.26583999999999998E-04
2.13043000000000000E-04
2.14548000000000006E-04
2.37027999999999995E-04
2.69278999999999981E-04
2.22446000000000004E-04
2.17104999999999989E-04
2.26216000000000004E-04
2.23572999999999995E-04
2.22997999999999995E-04
2.22532000000000003E-04
2.13637999999999990E-04
2.20809999999999995E-04
2.43885999999999989E-04
2.15404000000000013E-04
2.20322000000000009E-04
2.22542999999999987E-04
2.29282000000000005E-04
2.21849999999999999E-04
2.17332000000000012E-04
2.16986000000000013E-04
2.37320000000000011E-04
2.39422000000000013E-04
2.24168000000000013E-04
2.28793999999999992E-04
2.27710999999999989E-04
2.13312999999999995E-04
1.96932999999999993E-04
2.11363000000000002E-04
2.44383999999999997E-04
2.25219000000000000E-04
2.28556000000000012E-04
2.42293000000000006E-04
2.10105999999999997E-04
2.30277999999999993E-04
2.15565999999999989E-04
2.20983000000000008E-04
2.25316000000000009E-04
2.16648999999999992E-04
3.15434999999999978E-04
2.26280999999999997E-04
2.40136999999999995E-04
2.21654999999999991E-04
2.20332999999999993E-04
2.25479000000000001E-04
2.24958999999999999E-04
2.17246000000000014E-04
2.17125999999999994E-04
2.20463000000000007E-04
