-5.7363945072705675
0.00018704100000000001
0.0065648090000000004
0.00012540900000000002
0.000141617
0.00012986200000000001
0.00012929900000000001
0.000160142
0.00015639300000000001
0.00016195100000000002
0.00013087
0.00071284100000000008
0.00013130300000000001
0.00017000000000000001
0.00018570900000000002
0.000148181
0.0002008
0.00020022600000000002
0.000127565
0.00012799900000000001
0.00012809600000000001
0.00012897400000000002
0.00012913600000000002
0.00014193000000000002
0.00012817200000000002
0.0042204019999999998
0.00016392300000000001
0.000280535
0.00029549600000000002
0.000130068
0.00013004600000000001
0.000128226
0.000130111
0.00013080500000000001
0.00013152000000000001
0.000130111
0.00013028400000000002
0.000130815
0.000130827
0.00014122700000000001
0.00013876700000000001
0.00015511500000000002
0.00013210500000000001
0.00021124200000000002
0.00020957000000000001
0.00016681500000000001
0.000130751
0.00013036000000000002
0.000130653
0.000153511
0.010501957000000001
0.00013753300000000001
0.00016086800000000002
0.00013739200000000002
0.00014253700000000001
0.00013712000000000002
0.00013487800000000001
0.00013695800000000001
0.00013683900000000001
0.00013667700000000001
0.00015075000000000001
0.00013677400000000002
0.00014188700000000002
0.00012864900000000002
0.000129169
0.000129949
0.00013784600000000001
0.00013533300000000001
0.00016185400000000001
0.00014506100000000001
0.000135604
0.00013621
0.000138789
0.00013868100000000001
0.000163933
0.000160662
0.00014826800000000001
0.00013473700000000001
0.00016756300000000002
0.000136926
0.00013778100000000001
0.00013784600000000001
0.00013702300000000001
0.00014848500000000001
0.000141812
0.000130631
0.000129407
0.00012827000000000002
0.0008363890000000001
0.00013523500000000002
0.000136308
0.00013841
0.00012761900000000001
0.00012711000000000002
0.00049837200000000007
0.000132094
0.00013210500000000001
0.00013208300000000002
0.000131736
0.00013182300000000002
0.000132538
0.00013252700000000001
0.0096205220000000011
0.000132559
0.001774891
0.00017373800000000002
0.00012886500000000001
0.00012913600000000002
0.00012896300000000001
0.00012883300000000002
0.00012881200000000001
0.000155169
0.00024652800000000004
0.00013053400000000002
0.00013968800000000001
0.00013441200000000001
0.00013643800000000001
0.0041755670000000007
0.00013264600000000002
0.00013289500000000001
0.00012795600000000001
0.00013802000000000001
0.00013914600000000001
0.00015484400000000001
0.00013250600000000001
0.00013252700000000001
0.000132364
0.00013205000000000001
0.000132798
