-5.73639450727056754E+00
2.45325999999999975E-04
2.07560999999999987E-04
2.32012000000000001E-04
2.30971999999999997E-04
2.24937999999999993E-04
2.65033000000000022E-04
2.45629999999999991E-04
2.24720999999999992E-04
2.28728999999999998E-04
2.12403000000000006E-04
2.07700999999999996E-04
2.36182999999999998E-04
2.27342999999999995E-04
2.13832999999999997E-04
2.34980000000000003E-04
2.09087999999999988E-04
2.17266999999999992E-04
2.17960999999999996E-04
2.09857000000000007E-04
2.00790000000000007E-04
2.10258000000000005E-04
2.28025000000000000E-04
2.10766999999999996E-04
2.12002000000000007E-04
8.29182799999999935E-03
2.05870000000000006E-04
2.08209999999999987E-04
2.06834999999999994E-04
2.27201999999999997E-04
2.01752999999999991E-04
1.99804000000000013E-04
1.99922999999999990E-04
1.87291499999999995E-03
2.19478000000000002E-04
4.25955499999999994E-03
3.35221000000000022E-04
2.05999999999999993E-04
2.32033000000000006E-04
2.06130000000000007E-04
2.07886000000000008E-04
2.13811999999999992E-04
2.07256999999999998E-04
2.08969000000000011E-04
2.09792000000000013E-04
2.10831999999999990E-04
2.41165999999999988E-04
2.35218999999999999E-04
2.28089999999999993E-04
2.08903999999999991E-04
2.00182999999999991E-04
2.06703999999999991E-04
1.99900999999999996E-04
7.23647899999999965E-03
2.33365999999999988E-04
2.12489999999999993E-04
2.13734999999999999E-04
2.36648999999999990E-04
4.68394999999999977E-04
2.10972999999999987E-04
2.06455000000000001E-04
1.99278700000000020E-03
2.87836999999999989E-04
2.32152999999999998E-04
4.77269700000000022E-03
2.29878000000000010E-04
2.07387000000000012E-04
2.18805999999999992E-04
2.04656999999999989E-04
2.18631999999999990E-04
2.10668999999999998E-04
2.15512000000000006E-04
2.09044000000000000E-04
2.02143000000000006E-04
2.19282000000000006E-04
2.23259000000000012E-04
2.02978000000000007E-04
2.10907999999999994E-04
2.31210000000000004E-04
1.94224000000000003E-04
1.94732999999999994E-04
1.94777000000000009E-04
1.95870999999999995E-04
1.07692450000000002E-02
2.04353000000000000E-04
2.27407999999999988E-04
2.11341000000000008E-04
4.67565999999999989E-04
2.58055999999999997E-04
1.96455999999999991E-04
1.94603999999999996E-04
1.96727000000000002E-04
1.94560000000000007E-04
2.29356999999999993E-04
2.68097999999999980E-04
1.95014999999999989E-04
1.95059000000000004E-04
1.96899999999999988E-04
1.94560000000000007E-04
1.95080999999999998E-04
1.96023000000000003E-04
1.96250000000000000E-04
1.96402000000000008E-04
1.95577999999999990E-04
2.16183999999999989E-04
1.95166999999999997E-04
1.92360000000000008E-04
2.08926000000000012E-04
2.38201000000000005E-04
1.94808999999999998E-04
7.85590999999999980E-04
2.07548999999999988E-04
2.33940000000000000E-04
2.01234000000000005E-04
2.06574000000000005E-04
2.07982999999999991E-04
2.06423000000000012E-04
2.03021000000000007E-04
2.05763000000000002E-04
2.01656000000000009E-04
2.03778999999999988E-04
2.05577999999999989E-04
2.25013999999999997E-04
2.05848000000000012E-04
9.93073400000000009E-03
1.95502000000000013E-04
1.95047999999999993E-04
1.97462999999999990E-04
2.19141000000000008E-04
