-5.7363945072705675
0.000195665
0.000139493
0.00013899500000000002
0.00013343800000000002
0.000139114
0.00013374100000000002
0.00013311200000000001
0.00013214800000000001
0.000150478
0.000158679
0.00013036000000000002
0.000136329
0.000137012
0.00013621100000000001
0.000136363
0.00013636200000000001
0.000130772
0.00012987299999999999
0.00013080500000000001
0.0056655630000000002
0.000131834
0.000131194
0.000130848
0.000130934
0.00013088100000000001
0.000131011
0.00013062000000000002
0.00013083700000000002
0.00015143200000000001
0.000131249
0.001374536
0.000139352
0.00013366500000000002
0.00013569
0.00014237400000000002
0.000135344
0.00013557100000000002
0.00013316600000000002
0.00089437700000000002
0.00013256000000000002
0.000131075
0.000132972
0.000134509
0.00036322200000000001
0.000152385
0.00013149800000000002
0.000131314
0.00013141199999999999
0.00017834200000000001
0.000132884
0.021424200000000001
0.00013510600000000002
0.00012927700000000002
0.00012908200000000001
0.000128844
0.000128887
0.00012984000000000002
0.000128909
0.00012979700000000002
0.000130393
0.000130891
0.00054552500000000005
0.000162189
0.00018672800000000002
0.000126969
0.00044362100000000005
0.00013412
0.00012957000000000002
0.00012740200000000001
0.00017712900000000002
0.00012755400000000002
0.00012912500000000001
0.00012797700000000001
0.00012706699999999999
0.000152981
0.00013654700000000002
0.00014483400000000002
0.00012887600000000002
0.00012698000000000001
0.000144141
0.000127186
0.000135962
0.00013429300000000001
0.00012772800000000002
0.00013653500000000002
0.00013768400000000001
0.00014914600000000001
0.00016102
0.00013844200000000001
0.00015008900000000001
0.00017430100000000002
0.00014052200000000002
0.00014086800000000002
0.00017895900000000002
0.00016104100000000001
0.00015919900000000001
0.00013483500000000001
0.00026513200000000001
0.000214429
0.00014791000000000001
0.000129937
0.00015857100000000001
0.00012913600000000002
0.00013537600000000001
0.000129732
0.000129548
0.000130176
0.00027979799999999999
0.000129808
0.00012997
0.00012982900000000001
0.00013000300000000001
0.000130111
0.00013008900000000001
0.00013000300000000001
0.000130436
0.00016747600000000001
0.00012986200000000001
0.000129634
0.012536089
0.00013504000000000001
0.00012931000000000002
0.000128811
0.00012971100000000002
0.00012943900000000002
0.000128713
0.00012839900000000002
0.000129581
