-5.73639450727056754E+00
2.42033000000000005E-04
2.05794000000000002E-04
2.05600000000000010E-04
2.06867000000000010E-04
2.05653999999999993E-04
2.06065000000000013E-04
2.05956999999999993E-04
3.35930000000000018E-04
1.99965999999999989E-04
1.99251000000000007E-04
2.62650000000000015E-04
4.08848000000000013E-04
2.49519000000000021E-04
2.10551000000000011E-04
2.27450999999999988E-04
2.99624999999999978E-04
2.84826000000000014E-04
3.39166999999999973E-04
1.94863000000000008E-04
1.93541999999999998E-04
1.97171000000000000E-04
1.93952999999999991E-04
1.96326000000000004E-04
1.95784999999999997E-04
1.90778999999999997E-04
1.02859030000000008E-02
2.03995999999999990E-04
2.13649000000000000E-04
5.58414000000000024E-04
1.96574999999999994E-04
1.93563999999999992E-04
1.95014999999999989E-04
2.28588999999999989E-04
1.95166000000000008E-04
1.94928999999999990E-04
1.97202999999999989E-04
1.94515999999999992E-04
2.12413000000000001E-04
9.46388000000000047E-04
2.09998000000000004E-04
2.11015999999999987E-04
2.08709000000000010E-04
1.99900999999999996E-04
2.21720000000000012E-04
2.05403999999999987E-04
2.00864999999999995E-04
2.01656000000000009E-04
2.00497000000000002E-04
2.78845000000000004E-04
2.08156000000000004E-04
2.11179000000000005E-04
1.94711999999999988E-04
2.26519000000000004E-04
2.31740999999999989E-04
2.14603000000000005E-04
2.10690999999999992E-04
2.11157000000000011E-04
2.05002999999999989E-04
2.15144000000000012E-04
2.11396000000000007E-04
2.11189999999999989E-04
2.11990999999999997E-04
2.11633999999999987E-04
2.11732000000000012E-04
2.31102000000000011E-04
2.11472000000000011E-04
2.22598000000000012E-04
2.10919000000000004E-04
2.11611999999999993E-04
2.11515000000000010E-04
2.07116000000000000E-04
2.11460000000000012E-04
2.11351999999999992E-04
2.10139000000000002E-04
2.37970000000000000E-04
7.48850399999999999E-03
2.82767000000000012E-04
2.04722000000000009E-04
2.03303000000000002E-04
2.07039999999999996E-04
2.22391000000000006E-04
2.00280000000000000E-04
2.35998000000000013E-04
2.05340000000000009E-04
2.06758000000000001E-04
2.04798000000000013E-04
2.08156999999999993E-04
2.09423999999999993E-04
2.17636000000000001E-04
2.14061000000000009E-04
2.28957000000000010E-04
2.22358999999999990E-04
2.08860999999999991E-04
2.09487999999999997E-04
8.99240999999999951E-04
2.07094000000000006E-04
2.19661999999999999E-04
3.04055000000000015E-04
1.99802999999999998E-04
2.15350000000000003E-04
2.80253000000000002E-04
4.53558000000000010E-04
4.17255000000000002E-04
2.25803999999999995E-04
2.29964000000000009E-04
2.07982999999999991E-04
1.96867000000000011E-04
4.91303000000000009E-04
2.06574999999999993E-04
2.24286999999999989E-04
2.07516999999999999E-04
2.02370999999999991E-04
2.45890000000000019E-04
2.29399999999999992E-04
2.12024000000000002E-04
2.25469000000000006E-04
2.12479000000000010E-04
2.12153999999999988E-04
1.10965769999999998E-02
1.95837999999999991E-04
1.93248999999999992E-04
2.03660000000000012E-04
2.13983999999999990E-04
2.23279999999999990E-04
2.01926999999999993E-04
2.12067000000000001E-04
1.95589000000000000E-04
1.96607999999999999E-04
