-5.7363945072705675
0.00019675900000000002
0.00014144300000000002
0.00014116200000000001
0.000139775
0.000137164
0.000137381
0.00016585100000000001
0.00013697900000000002
0.000138183
0.00013856200000000001
0.000135582
0.000135127
0.00016488700000000001
0.00015128
0.00015669700000000002
0.000137608
0.00014381600000000001
0.00013631900000000001
0.00013635200000000001
0.00014142200000000002
0.00017119200000000002
0.00012723000000000001
0.00012701300000000001
0.00012451000000000001
0.00012735900000000001
0.00012815100000000001
0.00012668800000000002
0.000127587
0.00012641700000000001
0.00013443400000000001
0.00015284000000000001
0.00013818200000000001
0.00015041300000000001
0.00013644900000000002
0.000136394
0.00013634000000000001
0.00015824600000000002
0.0034470800000000004
0.00013226700000000001
0.00013166
0.00013185600000000002
0.000131433
0.000131779
0.00013174700000000001
0.00015403200000000002
0.00014141000000000002
0.00013182300000000002
0.000147489
0.00013228900000000001
0.00013238600000000002
0.00013233200000000001
0.00013158500000000001
0.000131032
0.00013210400000000002
0.00013175800000000002
0.000131249
0.000130827
0.00013102100000000002
0.000130989
0.00013123800000000002
0.00015303500000000001
0.000132235
0.00013192100000000001
0.000131693
0.000131736
0.00013264600000000002
0.000132657
0.000147152
0.000132452
0.00013172600000000001
0.00013159600000000002
0.00013166100000000001
0.00013167100000000001
0.000131466
0.00013122700000000001
0.000131173
0.000161886
0.00013246200000000002
0.00013196400000000001
0.000132192
0.00013219100000000001
0.00013168200000000002
0.00013224600000000001
0.00013234300000000002
0.00013300400000000002
0.00013158500000000001
0.00013159600000000002
0.000131216
0.00013139
0.00013156300000000001
0.00013120500000000002
0.000131097
0.00015174600000000002
0.00013145400000000001
0.00012934200000000001
0.000127024
0.000127847
0.00013712000000000002
0.000137522
0.00013108600000000001
0.000136482
0.00013301400000000001
0.000136558
0.000136286
0.012458126
0.00013241900000000002
0.00013194200000000002
0.00013212600000000002
0.000132018
0.000131693
0.000131791
0.000132115
0.000131834
0.00013179000000000001
0.00015265600000000001
0.00013172600000000001
0.00013236500000000001
0.00013260300000000002
0.000132559
0.00013168200000000002
0.00013156300000000001
0.00013115100000000001
0.000132213
0.00013166
0.000131693
0.00013163900000000002
0.000131476
0.000131672
