-5.73639450727056754E+00
2.37600999999999991E-04
2.03768000000000005E-04
2.17213000000000009E-04
2.01277000000000004E-04
2.20635999999999993E-04
2.06498999999999989E-04
2.02067999999999990E-04
1.99445999999999987E-04
1.99847000000000013E-04
1.99965999999999989E-04
1.99607999999999990E-04
1.99955000000000006E-04
2.00139999999999991E-04
2.68737999999999974E-04
1.30544600000000004E-03
2.04820000000000007E-04
1.09018299999999995E-02
2.25185999999999995E-04
2.10766999999999996E-04
2.08664999999999995E-04
2.24417999999999992E-04
2.11916000000000009E-04
2.27819000000000009E-04
2.03140000000000010E-04
2.02327000000000003E-04
2.03346000000000001E-04
2.04202000000000008E-04
2.06412000000000002E-04
2.24644999999999988E-04
2.05403999999999987E-04
2.08113000000000005E-04
2.10496000000000012E-04
2.28339999999999999E-04
2.06118999999999996E-04
2.08752000000000010E-04
1.09897789999999999E-02
2.30676999999999987E-04
5.41938999999999962E-04
2.22868999999999997E-04
2.58099000000000024E-04
1.43919899999999995E-03
2.17333000000000001E-04
2.07094999999999995E-04
2.21449000000000000E-04
2.04450999999999998E-04
2.04505000000000008E-04
2.05502000000000012E-04
2.04538000000000013E-04
3.51333000000000006E-04
2.04798000000000013E-04
2.05004000000000004E-04
2.54339000000000019E-04
2.22164000000000009E-04
2.04560000000000007E-04
2.04613999999999989E-04
2.04419000000000009E-04
2.04386000000000005E-04
2.87274000000000015E-04
2.66224999999999979E-04
2.30861000000000011E-04
2.03486999999999998E-04
2.10203000000000007E-04
1.94386999999999994E-04
1.98266000000000002E-04
2.24233999999999995E-04
2.12923000000000008E-04
2.07430000000000011E-04
2.07982999999999991E-04
2.35684999999999991E-04
2.67295999999999983E-04
2.34892999999999989E-04
2.09759999999999997E-04
2.09597000000000006E-04
1.13765089999999999E-02
2.19358000000000010E-04
2.06607000000000009E-04
2.07669000000000007E-04
2.05956999999999993E-04
2.06216999999999994E-04
2.07700999999999996E-04
2.07712000000000006E-04
2.23885999999999991E-04
2.26669999999999996E-04
2.12131999999999994E-04
2.17039999999999996E-04
2.04331999999999995E-04
2.05686000000000009E-04
2.03682000000000006E-04
2.03932000000000012E-04
2.08848999999999992E-04
2.07906999999999987E-04
2.07960999999999997E-04
4.54615700000000032E-03
2.16390000000000007E-04
2.14970000000000010E-04
9.40927999999999947E-04
2.05741000000000008E-04
2.03735999999999989E-04
2.05784000000000007E-04
1.59597499999999991E-03
1.96336999999999987E-04
1.45323400000000008E-03
1.16198699999999996E-03
2.33846000000000010E-04
2.16009999999999987E-04
2.08134999999999999E-04
8.61650299999999932E-03
2.08568000000000013E-04
2.05935999999999988E-04
2.05620999999999988E-04
4.89678000000000010E-04
2.05880999999999989E-04
2.20008999999999987E-04
2.05393000000000004E-04
2.05643000000000010E-04
2.04906000000000006E-04
2.05252999999999995E-04
2.05188000000000001E-04
2.05827999999999995E-04
2.05176999999999991E-04
2.05199000000000012E-04
2.23625999999999990E-04
2.04982000000000010E-04
4.27629700000000008E-03
2.10279999999999999E-04
2.14298999999999989E-04
2.30040000000000013E-04
2.10160000000000007E-04
