-5.7363945072705675
0.00025805500000000004
0.000136742
0.00013514900000000002
0.00013745700000000001
0.000137489
0.000140078
0.00026998300000000001
0.00014273200000000002
0.00013583200000000001
0.00013347000000000001
0.00013241900000000002
0.00013400100000000002
0.000133492
0.000143566
0.000133838
0.000134206
0.000135019
0.000134921
0.00013410900000000001
0.000131898
0.00013881000000000001
0.00012835600000000002
0.00095360300000000002
0.00074873400000000003
0.00013381600000000001
0.00013566900000000002
0.00015657800000000002
0.00013611300000000002
0.00013232200000000001
0.00013391400000000001
0.00013329700000000002
0.0041728550000000005
0.0027042900000000003
0.00023810900000000002
0.00028398100000000004
0.00019677200000000001
0.00015726000000000002
0.010161859000000001
0.00014653500000000002
0.00020328100000000001
0.00020501200000000002
0.000163208
0.00014552800000000002
0.00018085600000000002
0.00012697000000000001
0.00012699100000000002
0.000134022
0.000134
0.00015751
0.00025557999999999999
0.011553062000000001
0.00013562600000000002
0.00014263400000000002
0.00015822500000000001
0.00015975200000000001
0.00013342600000000002
0.000132593
0.00013205000000000001
0.00021849100000000002
0.000176522
0.000134282
0.00013421700000000001
0.00013404400000000002
0.00013366500000000002
0.00013531100000000002
0.00013521300000000002
0.000135072
0.000133523
0.00015435700000000001
0.000139071
0.00013241900000000002
0.00013246200000000002
0.00013072800000000001
0.000135062
0.00013566900000000002
0.00013535400000000002
0.000135387
0.00013531100000000002
0.00013566900000000002
0.00013583100000000002
0.000135549
0.00013593900000000001
0.000166002
0.000136525
0.00015383700000000001
0.00014911300000000001
0.000150684
0.00017500500000000002
0.00018036800000000001
0.00047872400000000003
0.00013774800000000001
0.00013737000000000002
0.000152559
0.000143664
0.00013872300000000002
0.00016079200000000001
0.00014398900000000002
0.000138529
0.000138474
0.000139059
0.000139319
0.00013942800000000001
0.000139536
0.000139092
0.00013903800000000002
0.00013680700000000002
0.00014103100000000001
0.00014493200000000001
0.00013615600000000002
0.00013540900000000002
0.00015851600000000001
0.00014497500000000001
0.00013599400000000001
0.00012971
0.000128042
0.000128703
0.00012863800000000001
0.00012939700000000001
0.000128042
0.00012920100000000001
0.00012866
0.000129061
0.00016663100000000001
0.00013057700000000002
0.00016873300000000001
0.000137825
0.00014213600000000001
0.00021179700000000001
