-5.7363945072705675
0.00022116800000000002
0.00016093300000000001
0.00015249300000000002
0.00017817900000000002
0.00015805100000000001
0.000151843
0.00016337100000000002
0.00014377200000000002
0.00013148700000000001
0.00013302500000000002
0.00013526800000000002
0.000135289
0.00013617800000000001
0.00013536600000000002
0.0094609540000000006
0.00013106500000000001
0.000130078
0.000154974
0.000142299
0.00013166100000000001
0.000132452
0.00013260300000000002
0.00012901700000000002
0.00015005500000000001
0.000128443
0.00012879000000000002
0.000127532
0.0022585790000000001
0.0001327
0.00013136800000000001
0.00013186600000000001
0.00014657900000000001
0.0039971939999999999
0.0041689760000000005
0.00051170000000000002
0.00013191
0.00013250600000000001
0.00013202900000000001
0.00013173700000000002
0.000131693
0.000131335
0.00015167000000000002
0.00013196400000000001
0.00013144299999999999
0.00013139
0.00013214800000000001
0.000131509
0.00013174700000000001
0.000132473
0.00013218
0.000132495
0.000131693
0.00013142200000000002
0.00013194200000000002
0.000129992
0.00014938400000000002
0.00013280900000000001
0.000158734
0.00013027400000000002
0.012824145
0.00013406600000000001
0.000134
0.00013376300000000001
0.00013272200000000002
0.00013179000000000001
0.000130154
0.000132473
0.000133318
0.00018751800000000002
0.00013123800000000002
0.00013220300000000001
0.00019355300000000001
0.00013567900000000001
0.00013157300000000001
0.00013250500000000002
0.000136308
0.00016971900000000001
0.00013401100000000002
0.00013174700000000001
0.00013215900000000002
0.00013282000000000002
0.000137078
0.00016893800000000001
0.00013412
0.00013239800000000002
0.00013305700000000001
0.00015750900000000001
0.00013321000000000001
0.00013816100000000001
0.000141345
0.00013374
0.00013355600000000001
0.0012420910000000001
0.000131638
0.000131075
0.00026613800000000002
0.00052178800000000003
0.00028224700000000001
0.000171268
0.000137868
0.000282312
0.00013478000000000001
0.00017849400000000002
0.00024057000000000001
0.00021831800000000001
0.00021726700000000002
0.00021760300000000002
0.010335153000000001
0.000140944
0.00015362000000000001
0.00014023
0.00014643800000000001
0.000139569
0.000146546
0.00018242700000000001
0.000139753
0.000148908
0.00014208300000000002
0.00014501800000000001
0.000143838
0.00016802900000000001
0.000136308
0.000137164
0.000139233
0.00013836600000000001
0.000138107
0.00013866900000000001
0.000137727
