-5.73639450727056754E+00
2.46778000000000015E-04
2.04634999999999995E-04
2.03508999999999992E-04
2.03334999999999990E-04
2.18253000000000013E-04
2.22283000000000013E-04
2.08924999999999996E-04
2.25911999999999988E-04
2.42152000000000009E-04
2.10213999999999990E-04
2.07841999999999993E-04
2.07884999999999993E-04
2.05686999999999998E-04
1.98623000000000012E-04
2.01883999999999994E-04
2.12728000000000000E-04
2.28871000000000011E-04
2.02350000000000012E-04
2.10735000000000008E-04
2.28957000000000010E-04
2.93042999999999993E-04
3.41949999999999991E-04
5.99221000000000042E-04
1.97192999999999994E-04
3.39135000000000012E-04
2.21990000000000007E-04
2.07116000000000000E-04
2.05479999999999991E-04
2.09012999999999999E-04
2.10193000000000012E-04
2.13877000000000012E-04
2.11482000000000006E-04
2.09347999999999989E-04
2.26887999999999987E-04
2.10172000000000006E-04
2.12305000000000008E-04
2.29943000000000004E-04
2.09781000000000003E-04
2.10160000000000007E-04
2.10084999999999992E-04
2.09933000000000011E-04
2.09347999999999989E-04
2.14276999999999995E-04
2.11677000000000013E-04
2.10160999999999996E-04
2.31362000000000012E-04
2.30625000000000009E-04
2.10528999999999990E-04
2.10516999999999990E-04
2.10408999999999998E-04
2.09640999999999994E-04
5.24121400000000012E-03
2.11850999999999988E-04
2.12391999999999995E-04
6.74234299999999960E-03
2.11157000000000011E-04
2.11721000000000001E-04
2.11656000000000008E-04
2.14980999999999994E-04
2.42271000000000012E-04
2.10344999999999993E-04
2.20983999999999997E-04
2.49009999999999976E-04
2.06607000000000009E-04
2.04114999999999993E-04
2.31685999999999990E-04
2.09748999999999987E-04
2.04591999999999995E-04
1.97321999999999992E-04
2.12424000000000011E-04
2.08480999999999998E-04
2.08330000000000006E-04
2.14276999999999995E-04
2.30983000000000008E-04
2.08091999999999999E-04
2.08631999999999991E-04
2.10160000000000007E-04
2.30570999999999999E-04
2.08807000000000008E-04
2.09444999999999998E-04
2.06011000000000003E-04
2.15686000000000008E-04
2.15825999999999990E-04
2.31372999999999995E-04
2.12143000000000005E-04
2.09413000000000009E-04
2.10301999999999993E-04
2.06488000000000006E-04
2.16681999999999997E-04
1.99945000000000011E-04
2.01158000000000001E-04
2.00757000000000003E-04
2.05784000000000007E-04
2.21091000000000001E-04
2.00074000000000009E-04
2.00237000000000001E-04
2.29303000000000010E-04
1.99564999999999991E-04
1.99738999999999993E-04
1.99683999999999994E-04
2.21892999999999998E-04
2.00237000000000001E-04
2.09836000000000001E-04
2.30635999999999992E-04
2.07896000000000003E-04
2.02988000000000002E-04
2.04646000000000005E-04
2.08774000000000004E-04
2.12033999999999996E-04
2.06942999999999987E-04
2.13216000000000013E-04
2.05068000000000009E-04
2.04894999999999996E-04
2.12293999999999997E-04
2.54579000000000003E-04
2.08915000000000001E-04
2.05491000000000002E-04
2.02706999999999996E-04
2.24667000000000009E-04
9.23375000000000042E-04
2.03887999999999997E-04
2.91805999999999977E-04
2.42140999999999998E-04
2.07755999999999994E-04
2.03670999999999995E-04
2.00757000000000003E-04
2.04136999999999987E-04
2.81180000000000015E-04
