-5.73639450727056754E+00
2.36216000000000003E-04
2.12370999999999990E-04
2.25111000000000007E-04
2.00344999999999994E-04
2.03140000000000010E-04
2.07712999999999995E-04
2.07884999999999993E-04
2.09249999999999990E-04
2.13388999999999999E-04
2.09466999999999992E-04
3.18647999999999989E-04
2.20950999999999992E-04
2.31577999999999998E-04
2.29423000000000002E-04
2.11904999999999998E-04
2.08719000000000005E-04
2.06867000000000010E-04
2.04028000000000006E-04
2.04255999999999991E-04
2.06433000000000007E-04
2.05285000000000011E-04
2.01721999999999991E-04
2.31709000000000000E-04
2.04374999999999994E-04
2.07073000000000001E-04
2.03021000000000007E-04
2.01633999999999988E-04
2.23388000000000010E-04
1.13037030000000000E-02
5.27696000000000024E-04
3.61505999999999991E-04
1.83817000000000008E-03
2.10442000000000002E-04
2.16357000000000002E-04
1.99056000000000000E-04
1.99587000000000012E-04
2.01005999999999993E-04
2.00399999999999992E-04
2.00680999999999998E-04
1.99912000000000006E-04
1.98741999999999989E-04
2.45295999999999991E-04
2.35490000000000010E-04
2.05631999999999999E-04
2.05219999999999990E-04
2.10551000000000011E-04
2.46341999999999980E-04
3.86294999999999987E-04
2.21849999999999999E-04
1.97376999999999991E-04
3.15668999999999976E-04
2.89451999999999993E-04
2.32141999999999987E-04
2.08893000000000007E-04
2.28306999999999995E-04
2.98649000000000006E-04
2.20344000000000003E-04
2.38501000000000012E-04
2.40375000000000002E-04
3.63932000000000025E-04
2.15719000000000013E-04
2.05111999999999997E-04
2.23345000000000011E-04
2.16183999999999989E-04
2.14884000000000011E-04
2.26411000000000011E-04
2.35739000000000001E-04
2.23909000000000000E-04
3.06317999999999977E-04
7.87008299999999994E-03
3.00175999999999980E-04
4.19921000000000020E-04
2.58715999999999981E-04
4.25997000000000008E-04
2.48282000000000006E-04
2.06942999999999987E-04
2.07127000000000011E-04
2.70906999999999973E-04
3.48201999999999984E-04
1.89991899999999991E-03
3.85361000000000026E-04
2.76797000000000013E-04
2.36595000000000007E-04
2.13973999999999995E-04
2.09845999999999996E-04
2.27006000000000001E-04
2.12565000000000009E-04
2.38836000000000002E-04
2.23279999999999990E-04
2.25316999999999998E-04
2.23627000000000005E-04
2.90653999999999999E-04
4.62820999999999979E-04
2.28339000000000010E-04
2.21785000000000005E-04
3.04196000000000013E-04
3.05646999999999983E-04
2.26085999999999990E-04
2.43787999999999991E-04
2.19974999999999994E-04
2.30928000000000009E-04
2.21124000000000006E-04
3.74602999999999991E-04
4.46700000000000016E-04
4.31273999999999991E-04
4.36668999999999989E-04
3.22757999999999975E-04
2.34405999999999992E-04
2.98309000000000020E-04
4.64262000000000008E-04
1.28031499999999997E-03
2.31425999999999990E-04
2.07929000000000008E-04
2.09814000000000007E-04
2.10571999999999989E-04
2.12837000000000009E-04
2.10940000000000010E-04
2.10150000000000012E-04
2.10540000000000000E-04
2.13226000000000008E-04
2.33799000000000002E-04
2.27147999999999988E-04
2.07614999999999997E-04
2.21709000000000001E-04
2.12923000000000008E-04
2.08525000000000014E-04
2.06433999999999996E-04
2.09390999999999988E-04
