-5.7363945072705675
0.00019219800000000001
0.00013410900000000001
0.000141996
0.000137229
0.00013641600000000002
0.00013575600000000001
0.00013818200000000001
0.00013657800000000002
0.000138226
0.00013780300000000001
0.00013741300000000002
0.00013740200000000001
0.0001605
0.00014296
0.00013780300000000001
0.000137403
0.00013761900000000001
0.00013705500000000002
0.000137088
0.00015447600000000002
0.00014043600000000002
0.000136828
0.00013714200000000001
0.00013634000000000001
0.00015401
0.00015860400000000001
0.000138042
0.00015822400000000002
0.0001427
0.00013685000000000002
0.00032139400000000002
0.00083582100000000005
0.00013303700000000002
0.00013321000000000001
0.00013259200000000001
0.000131595
0.00013242900000000002
0.000151106
0.000132137
0.000131834
0.00013186600000000001
0.000131433
0.00013192100000000001
0.00013172600000000001
0.00013180200000000001
0.00013220200000000002
0.000131953
0.00013160600000000001
0.00013224600000000001
0.00013244100000000001
0.00013212600000000002
0.00013115100000000001
0.00013137900000000002
0.00016330500000000001
0.00013208300000000002
0.000132115
0.000131855
0.000131715
0.00017222200000000001
0.00014461700000000001
0.00015185400000000001
0.0041163789999999999
0.00013254900000000001
0.00013264600000000002
0.00013185600000000002
0.000132636
0.0001327
0.00013286300000000002
0.00013180100000000002
0.000131693
0.00013186600000000001
0.00016996800000000002
0.00015462700000000001
0.000159643
0.00014666400000000002
0.000156794
0.000158376
0.00014853900000000002
0.00015819200000000001
0.00014589600000000001
0.00016603500000000001
0.00014337100000000002
0.00015505100000000002
0.00014943900000000002
0.00016333800000000001
0.00018851500000000002
0.00014989300000000001
0.00015756300000000002
0.00019060800000000002
0.00034597000000000002
0.00042670200000000005
0.00035719400000000002
0.00027172700000000004
0.00033649100000000001
0.00076633300000000001
0.00036191700000000001
0.00019282700000000002
0.00012667700000000001
0.000126959
0.000127868
0.000127403
0.00023891300000000002
0.00013493200000000002
0.00016472600000000002
0.00045104500000000002
0.00025058099999999999
0.00027129399999999999
0.000253191
0.000243355
0.00024049400000000001
0.00023864200000000001
0.00028475000000000001
0.00023740700000000003
0.000228707
0.000330988
0.00037199300000000004
0.00013495400000000001
0.00019047600000000002
0.00013425000000000001
0.00013044700000000001
0.00024327900000000003
0.00023245600000000003
0.00018785400000000002
0.00034738900000000003
0.000199013
0.00037562100000000003
0.000127761
0.00027284300000000004
