-23.289578737596916
0.000290437
0.004483707
0.000260342
0.00027197700000000002
0.00023221800000000002
0.00022883700000000002
0.00022862100000000001
0.000228101
0.00022826300000000001
0.00022829600000000001
0.000228805
0.00022991000000000003
0.00026905200000000004
0.00024363600000000001
0.00023803600000000001
0.000229163
0.000224016
0.01567605
0.00026241099999999999
0.00029736000000000004
0.00026865100000000001
0.00027907300000000002
0.00029023100000000001
0.00025239000000000001
0.00023529400000000001
0.00024812100000000002
0.00022822000000000001
0.000257915
0.00024842500000000003
0.00023320400000000001
0.00023429700000000001
0.00023555400000000002
0.00022898900000000003
0.00024015900000000002
0.00023831700000000002
0.000337499
0.00023381000000000001
0.000235381
0.00023746100000000001
0.00023530500000000002
0.00022807900000000001
0.000239313
0.000224374
0.00022239200000000002
0.00022907600000000001
0.000252248
0.00023114500000000001
0.00023059300000000002
0.00023017000000000003
0.000232174
0.000239714
0.00024280200000000002
0.00023248800000000001
0.000231828
0.00025253100000000001
0.00023041900000000002
0.00023026800000000003
0.012297304
0.000257178
0.00022588000000000003
0.00022662700000000002
0.00056116100000000002
0.000226703
0.000225696
0.00022715800000000001
0.00022989900000000002
0.00026216200000000003
0.00022957400000000002
0.000228707
0.00022579300000000001
0.00022664900000000002
0.00022584700000000002
0.000225338
0.00022454700000000002
0.00022073400000000002
0.00024466500000000003
0.00021878400000000002
0.00021498200000000001
0.00022805700000000002
0.00023244500000000001
0.000223236
0.000228459
0.00023063600000000002
0.00024774200000000001
0.00026575900000000001
0.00022704000000000002
0.00022817600000000002
0.00022544700000000001
0.00023013700000000002
0.00023357200000000001
0.00022850100000000001
0.00022766800000000002
0.00022978000000000001
0.00022965000000000003
0.00025347400000000001
0.0064334740000000007
0.00031057700000000003
0.00025583499999999999
0.00025868400000000002
0.00023180600000000001
0.00023009400000000002
0.000230993
0.00022961700000000002
0.000228447
0.00025548900000000002
0.00021854600000000002
0.00021684500000000002
0.00022797100000000002
0.00025710199999999999
0.00022598800000000002
0.00022635600000000001
0.00022553300000000001
0.00022636800000000001
0.00024960500000000002
0.00023032100000000002
0.00024219500000000001
0.00023849
0.00024036400000000002
0.00023259600000000001
0.0019510020000000001
0.00023357200000000001
0.00023683300000000001
0.00023720100000000001
0.00023204500000000001
0.00023256400000000002
0.00023698400000000001
0.00026756800000000004
0.00023465500000000001
