-2.32895787375969157E+01
5.58968999999999981E-04
4.22032999999999989E-04
7.32890199999999999E-03
5.38412000000000049E-04
5.27048000000000013E-04
4.27221999999999997E-04
5.03100000000000032E-04
3.99673000000000020E-04
3.96974999999999986E-04
4.20851000000000027E-04
4.11545999999999993E-04
5.00581000000000051E-04
4.18165000000000019E-04
4.15869000000000026E-04
4.54078999999999974E-04
4.46876400000000007E-03
4.16702000000000023E-04
4.35401999999999990E-04
4.13917999999999990E-04
1.65861700000000003E-03
4.48304000000000009E-04
4.08252000000000007E-04
4.64575600000000002E-03
4.37047999999999994E-04
4.12953999999999990E-04
4.25326000000000014E-04
4.27654999999999984E-04
4.34155999999999995E-04
4.16746000000000011E-04
4.14828000000000007E-04
4.19259000000000005E-04
9.19899999999999971E-04
4.45368000000000023E-04
4.19378999999999997E-04
4.29985000000000024E-04
4.67857999999999978E-04
5.77539600000000035E-03
5.14431999999999997E-04
3.84710999999999983E-04
3.95727999999999976E-04
4.02889000000000025E-04
4.07657000000000017E-04
4.29984000000000009E-04
4.94271000000000012E-04
6.79569199999999988E-03
9.68337099999999965E-03
4.47913999999999994E-04
4.20505000000000000E-04
4.33266999999999984E-04
4.10852000000000016E-04
4.15445999999999979E-04
4.14536000000000017E-04
4.23831000000000002E-04
4.27351999999999984E-04
4.26193000000000004E-04
4.26063000000000017E-04
4.06583999999999982E-04
4.05565999999999999E-04
4.32563000000000012E-04
4.28391999999999987E-04
4.25564000000000020E-04
4.11772999999999989E-04
9.94738099999999993E-03
4.16670000000000007E-04
4.43646000000000014E-04
9.58191999999999963E-04
4.65936000000000019E-04
4.27915999999999973E-04
4.10776000000000012E-04
4.44534000000000010E-04
4.34220000000000027E-04
4.21371999999999990E-04
4.12888999999999997E-04
4.03312000000000017E-04
3.93031999999999973E-04
4.08457999999999998E-04
3.77745000000000023E-04
4.21880999999999981E-04
4.05792999999999996E-04
4.00030000000000004E-04
3.83778999999999999E-04
4.69266999999999991E-04
3.97732999999999995E-04
9.49116199999999917E-03
1.86559000000000009E-03
4.06790000000000027E-04
4.36072999999999984E-04
4.00788999999999974E-04
4.20190999999999989E-04
4.23225000000000001E-04
4.23819999999999991E-04
4.54977000000000018E-04
4.36462999999999999E-04
4.22011000000000022E-04
4.23539000000000012E-04
7.10305000000000051E-04
4.12477999999999977E-04
4.11610999999999986E-04
4.31090000000000021E-04
4.71465999999999975E-04
5.32763000000000008E-04
1.69861800000000005E-03
6.96727999999999974E-04
4.08773000000000025E-04
4.27688000000000016E-04
4.25715999999999974E-04
4.18142999999999998E-04
5.83756000000000053E-04
4.96534999999999989E-04
4.75139000000000019E-04
4.05674000000000019E-04
2.43384900000000008E-03
6.43015000000000036E-04
5.57366000000000003E-04
7.20429999999999985E-04
4.23592999999999995E-04
4.18196999999999981E-04
4.13690999999999994E-04
5.22873999999999995E-04
4.12726999999999994E-04
4.57848000000000011E-04
4.22411999999999994E-04
4.17786000000000015E-04
4.03409999999999988E-04
5.18374000000000048E-04
7.21616000000000011E-04
6.09799999999999969E-04
4.71228000000000022E-04
