-23.289578737596916
0.00038971100000000005
0.00079133900000000006
0.00040235900000000003
0.000334779
0.0057488460000000002
0.00028845500000000002
0.00029415300000000001
0.0031958090000000004
0.00022642200000000002
0.00022659500000000001
0.00022624800000000002
0.00024256400000000002
0.00022684400000000003
0.00022813400000000001
0.00025206499999999999
0.00023032200000000001
0.000229769
0.00022742900000000002
0.010416773000000001
0.00022430900000000001
0.0014621180000000001
0.004273888
0.00024104700000000001
0.000236822
0.00022580400000000002
0.00022919600000000001
0.00023097100000000001
0.00022785200000000001
0.00025477300000000002
0.00023548900000000002
0.00023821900000000002
0.00024086300000000001
0.00024078700000000001
0.00024201100000000001
0.00024156700000000001
0.000238003
0.00023909700000000002
0.0042697490000000006
0.00023561900000000001
0.00025512000000000001
0.00023472
0.00023498
0.00031262600000000004
0.00022232600000000001
0.010476242
0.00023687600000000001
0.00025589900000000002
0.00023903200000000002
0.00022250000000000001
0.00022168800000000002
0.00024260700000000002
0.00022796000000000001
0.00023678900000000003
0.00024694100000000003
0.00023474200000000002
0.00023338700000000002
0.00023689800000000001
0.00022388600000000002
0.00023772100000000001
0.000254827
0.00024025700000000001
0.00024357100000000002
0.00023445000000000001
0.00023763400000000002
0.00023883700000000002
0.00023943300000000002
0.00023933500000000003
0.00025744900000000004
0.00025861900000000003
0.00023764500000000001
0.000268857
0.00025662600000000003
0.00023556500000000003
0.00023515400000000001
0.00023693000000000002
0.00023653000000000001
0.00023622600000000002
0.00026600700000000002
0.00023699600000000001
0.00023695200000000002
0.00023903200000000002
0.00023890200000000001
0.00024060300000000001
0.00026406900000000002
0.00023461200000000001
0.00021799300000000001
0.000237385
0.00060572300000000007
0.00023667100000000001
0.00053830200000000005
0.00023697300000000002
0.000241914
0.00025105700000000001
0.000231253
0.00023141600000000002
0.00023126400000000001
0.000232131
0.00023291100000000001
0.000234276
0.00023499100000000001
0.00023506700000000002
0.000258717
0.00023275900000000003
0.00023637700000000002
0.00095494400000000011
0.00027175000000000002
0.00023625800000000001
0.00056734700000000006
0.000260824
0.000217018
0.00030452000000000002
0.000230733
0.00023117700000000003
0.00025180500000000002
0.001102668
0.00026725800000000004
0.00026903000000000002
0.000221406
0.00022116700000000001
0.00023183800000000003
0.00025712400000000001
0.00023326800000000002
0.00023574900000000002
0.00023430900000000001
0.00023676800000000002
0.00022935800000000001
0.00023332300000000002
0.00022965000000000003
