-2.32895787375969157E+01
4.46721999999999983E-04
4.26149999999999977E-04
4.27048999999999983E-04
4.11187999999999994E-04
4.07916999999999991E-04
4.10494999999999979E-04
4.13063000000000026E-04
4.27124999999999987E-04
4.17266000000000013E-04
4.11534999999999982E-04
4.28336999999999989E-04
5.95164000000000023E-04
4.33548999999999979E-04
4.42097000000000019E-04
4.08046999999999978E-04
4.12043999999999974E-04
4.12900000000000007E-04
4.27818000000000003E-04
4.07743000000000016E-04
4.04373999999999988E-04
4.46039999999999978E-04
4.76438999999999997E-04
5.14021000000000031E-04
7.03022999999999994E-04
7.16153999999999988E-04
5.98771000000000004E-04
7.24765999999999952E-04
3.90720900000000003E-03
4.64011999999999975E-04
4.96513999999999983E-04
6.71436999999999989E-04
7.09403999999999959E-04
4.11740999999999973E-04
6.64208000000000008E-04
9.90110999999999899E-04
4.32475999999999998E-04
4.46463000000000025E-04
4.21080000000000000E-04
4.42107000000000014E-04
4.37438000000000009E-04
4.61336999999999978E-04
4.47469999999999997E-04
4.17256000000000018E-04
4.29096000000000013E-04
3.98155000000000026E-04
4.05067000000000003E-04
3.82089000000000007E-04
5.15937999999999965E-04
5.70127000000000025E-04
4.17959999999999990E-04
4.16268999999999981E-04
4.22400999999999983E-04
4.49289999999999976E-04
3.39463699999999983E-03
2.33620299999999980E-03
1.07183199999999999E-03
7.77774999999999972E-04
9.90264000000000031E-04
7.31981000000000038E-04
7.90535999999999995E-04
6.02574000000000035E-04
6.54683999999999995E-04
6.25465999999999978E-04
4.58833999999999978E-04
4.60882000000000023E-04
4.61023000000000021E-04
4.60254000000000002E-04
4.71325999999999993E-04
4.79461999999999998E-04
4.54912000000000025E-04
4.58044000000000008E-04
4.59213999999999998E-04
4.65626999999999979E-04
5.76931000000000037E-04
5.51330999999999957E-04
5.33620999999999965E-04
4.54499999999999989E-04
4.54565999999999998E-04
6.05364000000000054E-04
9.59215000000000024E-04
4.33235000000000022E-04
4.69798000000000004E-04
4.52735000000000008E-04
4.33115999999999991E-04
4.35693999999999979E-04
4.24459999999999985E-04
4.33039999999999987E-04
4.41880000000000018E-04
3.10315200000000008E-03
4.41705999999999989E-04
4.65268999999999980E-04
4.37036999999999983E-04
1.59509699999999996E-03
6.10314999999999946E-04
4.06042000000000013E-04
4.38716000000000019E-04
4.10841000000000006E-04
4.29464000000000007E-04
4.22108999999999993E-04
4.20440000000000006E-04
3.99315000000000021E-04
1.01969299999999990E-03
4.61444999999999998E-04
4.97704999999999979E-04
3.99976000000000021E-04
4.53243999999999999E-04
4.27763000000000004E-04
4.20678000000000013E-04
4.02369000000000023E-04
4.05371000000000019E-04
4.03594000000000012E-04
4.27959000000000000E-04
3.92642000000000013E-04
4.14069999999999998E-04
4.11393999999999985E-04
4.08101000000000015E-04
4.15348000000000008E-04
4.09437499999999992E-03
4.29757000000000012E-04
4.09358000000000020E-04
4.08480000000000019E-04
4.07364000000000012E-04
4.07406999999999984E-04
4.18230000000000012E-04
4.41804000000000014E-04
6.43699999999999980E-04
5.24486000000000006E-04
4.25976000000000002E-04
