-2.32895787375969157E+01
4.61585999999999995E-04
4.23701000000000015E-04
4.08696000000000005E-04
4.36918000000000007E-04
4.13538999999999986E-04
4.09629000000000004E-04
4.09423000000000013E-04
4.09703999999999993E-04
4.46460600000000030E-03
4.38476999999999997E-04
4.17200000000000004E-04
4.07114999999999994E-04
4.13138000000000014E-04
4.13875000000000018E-04
4.35510000000000010E-04
4.16822000000000015E-04
4.08284999999999985E-04
4.47718499999999985E-03
4.17830000000000003E-04
4.30277000000000014E-04
4.56701000000000004E-04
4.16161000000000016E-04
4.19476000000000007E-04
4.12509999999999993E-04
4.12130000000000027E-04
4.36667999999999974E-04
6.66453800000000023E-03
4.26290000000000013E-04
4.44035999999999975E-04
4.28326999999999994E-04
4.53916000000000009E-04
5.09610999999999983E-04
4.32010999999999994E-04
5.78927000000000022E-04
4.73273999999999982E-04
4.67695999999999975E-04
4.28132000000000013E-04
4.26235999999999976E-04
4.39766999999999979E-04
4.44892500000000028E-03
4.38543000000000006E-04
4.44749999999999996E-04
4.26679999999999974E-04
4.27048999999999983E-04
4.26800000000000020E-04
4.39009000000000025E-04
8.49260000000000011E-04
7.08971100000000028E-03
1.68262699999999991E-03
5.77201999999999967E-04
4.26583000000000019E-04
4.45953000000000018E-04
4.26463999999999988E-04
5.14671999999999981E-04
5.20722200000000007E-03
6.67933000000000003E-04
4.30309999999999992E-04
4.55197999999999974E-04
4.30915999999999992E-04
4.37242000000000013E-04
3.88838999999999982E-04
4.01794999999999984E-04
4.24903000000000021E-04
4.45166599999999996E-03
3.00302349999999989E-02
4.20266999999999993E-04
4.43071000000000014E-04
4.38314999999999994E-04
4.41425000000000010E-04
4.31674000000000001E-04
4.30677999999999985E-04
4.45877000000000014E-04
4.22032999999999989E-04
4.20754000000000017E-04
4.10580999999999978E-04
4.18089000000000015E-04
5.11443200000000035E-03
4.10201999999999973E-04
1.07286199999999995E-03
6.60890999999999996E-03
4.29627000000000025E-04
4.12130999999999988E-04
4.15359000000000019E-04
4.29540000000000011E-04
4.16041999999999985E-04
4.30938000000000013E-04
4.32607000000000000E-04
4.11145000000000022E-04
4.44197199999999976E-03
4.06238000000000009E-04
4.07939000000000012E-04
4.34003999999999987E-04
4.06335000000000019E-04
4.06648999999999975E-04
4.05305000000000010E-04
9.19315999999999992E-04
4.09520000000000023E-04
5.62322300000000011E-03
4.15662000000000019E-04
4.15380999999999986E-04
4.36615000000000007E-04
4.35152000000000011E-04
5.52620999999999993E-04
4.23581999999999984E-04
4.69375999999999973E-04
4.11924999999999997E-04
5.41946999999999980E-04
4.00592999999999978E-04
3.91048999999999976E-04
4.50188999999999982E-04
4.35270999999999987E-04
4.05057000000000008E-04
6.12308000000000036E-03
4.04221999999999980E-04
4.22107999999999978E-04
4.45119000000000005E-04
1.17056800000000009E-03
4.27947999999999989E-04
4.53017000000000003E-04
4.22358000000000011E-04
4.26290999999999975E-04
4.52790000000000007E-04
4.21025000000000002E-04
4.62193000000000011E-04
4.11416000000000006E-04
4.47341999999999965E-03
4.37329999999999989E-04
4.42227000000000006E-04
