-23.289578737596916
0.000322202
0.00023422200000000002
0.000235598
0.00023340900000000001
0.00023609600000000001
0.00025542300000000001
0.00023369100000000001
0.019496471000000001
0.00021905500000000001
0.00022364800000000001
0.00024042900000000001
0.00022151400000000002
0.000237884
0.00024508800000000002
0.029125909000000002
0.00023202300000000001
0.00023166600000000003
0.00025166400000000002
0.00022952000000000001
0.00023966000000000002
0.00022783000000000002
0.00023984500000000001
0.00022597800000000002
0.00023096100000000001
0.00022657300000000001
0.00022672500000000002
0.000252303
0.00022658400000000002
0.00023167600000000002
0.000216932
0.00022511100000000001
0.00023485000000000002
0.00022837200000000002
0.00022425500000000003
0.00022471000000000001
0.00024743900000000001
0.00021857800000000001
0.000259833
0.011609088
0.00025902999999999999
0.000250158
0.00025718900000000001
0.00024070100000000001
0.00023820900000000002
0.00022884900000000002
0.00022519800000000002
0.00023104700000000001
0.00022448300000000001
0.000225295
0.00023508900000000001
0.00025735100000000001
0.00023835000000000002
0.00023121100000000002
0.00022914000000000002
0.00022733100000000002
0.00024241200000000001
0.00021649900000000002
0.00023594500000000002
0.00023663800000000001
0.00025971400000000003
0.00024824100000000001
0.012429742000000001
0.000227018
0.000226963
0.00024920399999999999
0.00022966100000000001
0.00022939000000000002
0.00022971500000000002
0.00022743000000000001
0.00022398400000000002
0.00022753700000000001
0.000252379
0.00028844400000000001
0.00026021099999999999
0.00021984500000000001
0.000226302
0.00022570600000000002
0.00022266200000000002
0.00024325700000000001
0.00022175300000000002
0.000224558
0.00022343100000000001
0.0050688880000000006
0.0017619340000000002
0.00029159699999999999
0.00022802500000000003
0.001517605
0.00022650900000000001
0.000227006
0.00023579300000000001
0.000329146
0.002479102
0.00024978899999999999
0.00037537200000000001
0.00022876100000000001
0.000229325
0.00023392900000000002
0.00024684300000000001
0.00034591600000000004
0.00022476400000000002
0.00026139300000000001
0.00022875100000000002
0.000228664
0.00023484000000000002
0.00022616200000000002
0.000227939
0.00023226100000000002
0.00022985600000000002
0.00022820900000000002
0.00025429700000000001
0.00022827500000000001
0.00023078800000000003
0.00023186000000000002
0.00025043999999999999
0.00023244500000000001
0.00023897800000000001
0.00023166500000000001
0.000234937
0.00023202200000000002
0.00025291000000000002
0.0077740990000000005
0.00022842600000000003
0.00022642200000000002
0.00022528400000000002
0.00033792100000000003
0.00026380800000000003
0.000224071
0.00022394
