-2.32895787375969157E+01
4.50795999999999998E-04
4.37004000000000006E-04
4.47978999999999988E-04
4.10115999999999974E-04
4.11113000000000006E-04
4.19140999999999991E-04
4.34058000000000024E-04
4.10440999999999996E-04
4.09736000000000009E-04
4.25813999999999999E-04
3.99866999999999985E-04
4.23040000000000015E-04
4.43041199999999989E-03
4.11362000000000023E-04
1.63482539999999996E-02
4.21762000000000005E-04
6.79201899999999983E-03
5.71871000000000011E-03
4.12585999999999997E-04
4.10938999999999977E-04
4.17070999999999978E-04
5.53010000000000047E-04
4.11263999999999998E-04
4.05392000000000024E-04
4.82820000000000016E-04
4.57425999999999981E-04
4.14828000000000007E-04
4.87489999999999983E-04
4.21080000000000000E-04
4.24004999999999977E-04
4.46235000000000013E-04
4.36895999999999986E-04
6.17365000000000036E-04
4.79829999999999992E-04
6.96712000000000047E-04
6.80759999999999981E-04
4.32919999999999995E-04
4.14416999999999986E-04
4.24156000000000023E-04
3.75802999999999988E-03
2.11538549999999992E-02
4.16605000000000013E-04
4.37318999999999978E-04
4.26863999999999998E-04
4.22617000000000023E-04
4.29323000000000009E-04
5.15721000000000018E-04
4.34956999999999976E-04
4.21880999999999981E-04
4.35748000000000016E-04
4.54782999999999999E-04
4.41934000000000001E-04
4.27980000000000005E-04
4.08631999999999973E-04
4.25877999999999977E-04
4.21436999999999983E-04
5.31927999999999980E-04
4.26160000000000026E-04
3.97418999999999984E-04
3.97807999999999983E-04
4.18922999999999973E-04
4.08762000000000014E-04
4.15532999999999994E-04
6.01674999999999975E-04
4.84617999999999974E-04
4.36474000000000009E-04
4.30319999999999986E-04
4.55964000000000000E-04
4.14254000000000022E-04
4.24232000000000027E-04
4.07991999999999979E-04
6.94047000000000045E-04
3.97645999999999980E-04
3.97656999999999991E-04
1.08325900000000004E-03
5.33570000000000030E-04
4.07440000000000016E-04
4.60513000000000014E-04
4.02737999999999978E-04
4.14752000000000003E-04
4.15477999999999995E-04
4.17645000000000017E-04
4.45861100000000034E-03
4.41315999999999974E-04
4.11881000000000009E-04
4.18197999999999996E-04
4.21708000000000022E-04
4.10029000000000014E-04
4.30873000000000020E-04
4.30288000000000025E-04
4.11275000000000009E-04
7.72384399999999968E-03
4.79797000000000014E-04
4.20158999999999973E-04
4.71411999999999992E-04
5.18517000000000023E-04
4.20245000000000026E-04
9.10994999999999947E-04
5.43459200000000024E-03
5.25351999999999980E-04
4.22065000000000005E-04
4.39626999999999997E-04
4.21750999999999994E-04
4.21425999999999973E-04
4.35434000000000006E-04
4.16268999999999981E-04
4.21198000000000015E-04
4.88126600000000042E-03
4.47860000000000012E-04
4.26376999999999973E-04
4.23461999999999992E-04
5.72034000000000019E-04
7.29965999999999970E-04
5.63515800000000035E-03
1.15816300000000003E-03
4.24589000000000010E-04
4.45574000000000013E-04
4.20830000000000021E-04
4.41629999999999985E-04
4.38520999999999985E-04
4.26669000000000017E-04
4.26593000000000013E-04
4.25303999999999992E-04
4.49333000000000002E-04
4.26538999999999976E-04
4.45867000000000019E-04
4.31024000000000012E-04
4.32411000000000004E-04
