-23.289578737596916
0.000288802
0.00023291100000000001
0.00023494800000000001
0.00041630200000000001
0.000232131
0.00092138500000000004
0.00023027900000000001
0.011531265000000001
0.00023229300000000001
0.00023007300000000002
0.00023068000000000001
0.00025577
0.00023381000000000001
0.0072342710000000005
0.00023683300000000001
0.00023761300000000002
0.00023776400000000001
0.00023074400000000001
0.00023096100000000001
0.00023093900000000002
0.00023138300000000002
0.000240234
0.00025637700000000002
0.00023171900000000002
0.00085415100000000004
0.00024241200000000001
0.00022988900000000002
0.00023448200000000002
0.00024679900000000002
0.00025724299999999999
0.00022962900000000002
0.00023233600000000001
0.00023589000000000002
0.00023589000000000002
0.00023455800000000003
0.00023461200000000001
0.00023462300000000002
0.00025676600000000001
0.00025343000000000002
0.00023370200000000002
0.00023070100000000001
0.00022607500000000001
0.0042792670000000007
0.000231654
0.00028372100000000002
0.00079689000000000008
0.00022856700000000002
0.00024759000000000001
0.00023302000000000002
0.00023117800000000001
0.00023164300000000002
0.00024902000000000002
0.00022221800000000002
0.00022532800000000001
0.000246085
0.00022268500000000003
0.011071360000000001
0.0035230860000000004
0.00095001700000000005
0.000249411
0.00026114300000000003
0.00028893199999999999
0.00023691900000000001
0.00023965000000000002
0.00025789399999999999
0.000222489
0.000219683
0.00022172000000000001
0.00022200100000000002
0.00021899000000000002
0.00026676600000000004
0.00022752700000000002
0.00022486200000000002
0.00022557600000000001
0.00022344200000000002
0.00023363700000000003
0.00024621500000000004
0.0042535860000000002
0.00021770100000000002
0.00021533900000000002
0.011644345999999972
0.000228242
0.00023716900000000002
0.00025315900000000003
0.00023071100000000001
0.00024460000000000004
0.000271167
0.00033060800000000003
0.00025401500000000001
0.00023408100000000002
0.00022969400000000001
0.00031999200000000001
0.000288943
0.00039100500000000004
0.00023369100000000001
0.00025093800000000003
0.000255467
0.00028644
0.00026558500000000004
0.000241253
0.00023552200000000003
0.00024132900000000001
0.00025530400000000003
0.00023466600000000002
0.00026495700000000002
0.00024154600000000001
0.00022330100000000002
0.00027452300000000004
0.00033966500000000001
0.00022049600000000001
0.014873195000000001
0.00023153500000000003
0.001272591
0.00022751600000000001
0.00022490500000000002
0.00027139699999999999
0.000234763
0.00023337600000000001
0.00024590000000000001
0.00025146900000000004
0.00023518700000000001
0.000226963
0.00023035400000000002
0.00022268400000000001
0.00022394100000000002
0.00022313900000000002
0.00026235700000000001
0.00024097100000000001
