-2.32895787375969157E+01
4.34361000000000024E-04
4.13647000000000006E-04
8.36831600000000064E-03
4.29844000000000027E-04
4.64770999999999999E-04
4.46105000000000026E-04
5.26403000000000049E-04
4.29595000000000009E-04
5.49394399999999974E-03
4.06724999999999979E-04
4.06453999999999995E-04
4.08349999999999978E-04
4.07829999999999976E-04
4.45563000000000003E-04
4.10776000000000012E-04
4.24069000000000008E-04
4.11025999999999991E-04
4.09574000000000006E-04
4.37741000000000009E-04
4.07406999999999984E-04
4.05695999999999986E-04
4.05804000000000006E-04
4.06476000000000016E-04
4.27471000000000014E-04
4.06682000000000007E-04
4.07798000000000015E-04
1.31488700000000000E-02
4.08457999999999998E-04
4.18348999999999989E-04
4.32692999999999999E-04
4.28663000000000026E-04
5.09958000000000026E-04
4.18424999999999993E-04
4.15273000000000020E-04
4.38585999999999978E-04
4.64576000000000019E-04
1.36978350000000002E-02
4.18998999999999977E-04
4.36592999999999985E-04
4.19053999999999976E-04
4.18716999999999982E-04
4.27601000000000001E-04
4.53158000000000000E-04
4.33504999999999991E-04
6.58353670000000057E-02
3.96778999999999990E-04
3.94406999999999993E-04
4.33765000000000019E-04
4.07981999999999984E-04
4.11848999999999993E-04
4.18609999999999978E-04
4.05360000000000009E-04
4.38467000000000002E-04
3.95317000000000010E-04
3.88177999999999982E-04
3.81016999999999988E-04
3.83291999999999975E-04
1.66086300000000005E-03
4.14350999999999977E-04
5.30660999999999980E-04
8.60521000000000051E-04
4.10722999999999991E-04
4.13052000000000015E-04
4.32498000000000019E-04
4.10646999999999987E-04
4.47069000000000025E-04
4.09737000000000024E-04
4.16670000000000007E-04
1.65364799999999997E-03
5.29740000000000007E-04
4.29117999999999980E-04
1.08465170000000000E-02
4.18685000000000021E-04
4.18599000000000022E-04
3.99098000000000020E-04
4.05089000000000024E-04
4.22909999999999974E-04
4.18121999999999992E-04
3.82317000000000019E-04
3.80561999999999979E-04
4.10949999999999987E-04
4.97888999999999949E-04
2.18841699999999979E-03
1.09614229999999997E-02
3.94039000000000000E-04
4.30266000000000003E-04
3.75676000000000026E-04
3.90583000000000011E-04
3.97852000000000026E-04
3.82110999999999974E-04
4.09389000000000020E-04
3.94850999999999991E-04
3.92879000000000004E-04
4.02466999999999994E-04
1.32619669999999995E-02
3.90831999999999974E-04
3.93052999999999979E-04
3.83529999999999982E-04
4.04537000000000006E-04
3.86834000000000017E-04
3.85588999999999984E-04
3.86910000000000021E-04
3.93898000000000002E-04
4.23636000000000021E-04
7.15519999999999980E-04
5.14833000000000022E-04
5.41417999999999999E-04
5.65603000000000026E-03
3.81060999999999976E-04
3.82403999999999980E-04
5.74575800000000012E-03
4.24134000000000002E-04
4.23505999999999980E-04
4.47968999999999993E-04
4.17634000000000007E-04
4.25997000000000008E-04
4.17893999999999980E-04
4.07482999999999988E-04
6.32496999999999985E-04
1.10567499999999997E-03
5.37324000000000048E-04
5.25590000000000042E-04
4.54804000000000005E-04
1.68364400000000011E-02
4.20255999999999982E-04
4.05718000000000007E-04
4.05175000000000023E-04
4.22324999999999979E-04
