-23.289578737596916
0.00028487900000000003
0.00025728600000000002
0.00022611800000000001
0.00023697400000000001
0.00022949800000000002
0.00028653800000000003
0.00022308500000000001
0.00025026700000000004
0.00023251000000000001
0.00023246700000000001
0.00026209600000000002
0.00056155800000000009
0.00022919500000000002
0.00023370200000000002
0.000238447
0.00023482900000000001
0.00022996400000000001
0.000253484
0.00023485000000000002
0.0055219480000000005
0.00022796000000000001
0.00021971500000000002
0.00021997600000000001
0.00027543200000000004
0.00023230400000000002
0.00025320200000000001
0.00042181600000000004
0.000220344
0.00031462800000000001
0.0087029460000000013
0.00022185000000000003
0.00022247800000000002
0.00022282500000000001
0.00022250000000000001
0.00024284500000000002
0.00021931500000000001
0.00021954200000000001
0.00021643300000000001
0.00023644300000000003
0.00021721300000000001
0.00021904400000000003
0.00021839400000000001
0.00021782000000000003
0.00021822000000000001
0.00026792500000000002
0.00021884900000000002
0.000219824
0.00023173000000000001
0.00023010500000000001
0.00022785100000000002
0.00024403700000000001
0.00025938799999999999
0.00025697200000000001
0.000252823
0.00021997500000000002
0.00021799300000000001
0.00021763500000000001
0.030454319000000001
0.00022831800000000001
0.00023732000000000001
0.00028546800000000004
0.00023036500000000001
0.00024705899999999999
0.00024374500000000002
0.00025619200000000003
0.00026391700000000001
0.00022838200000000001
0.00022450400000000002
0.00024670300000000003
0.00023296600000000001
0.00022787400000000001
0.00024605200000000002
0.00022408200000000001
0.00022536000000000002
0.00022422200000000002
0.00022518700000000001
0.00023369100000000001
0.000223756
0.00022499100000000001
0.00022435200000000001
0.00024687600000000004
0.00022586900000000002
0.029304463000000003
0.00025596500000000003
0.000235987
0.00022091800000000001
0.00022924900000000003
0.000315137
0.00026201000000000002
0.00021962900000000002
0.00022986700000000003
0.00022669300000000001
0.00023591200000000001
0.00022169900000000001
0.00022283600000000002
0.00022407000000000001
0.000250461
0.00023889100000000003
0.000226834
0.00022929200000000003
0.00023724500000000002
0.00024939900000000003
0.00022562000000000003
0.012827787
0.00024131800000000002
0.00021875100000000002
0.00023410300000000002
0.00022861000000000002
0.00022168800000000002
0.000235023
0.00022648600000000003
0.00024138200000000003
0.000232174
0.000224016
0.00024688600000000003
0.00022622700000000001
0.00025949600000000001
0.000234591
0.00022492700000000001
0.00022591200000000001
0.00022637800000000001
0.013380033000000001
0.00025170800000000001
0.00024136100000000002
0.00024261800000000003
0.000235381
0.00024989800000000003
0.00023254300000000001
