-2.32895787375969157E+01
4.56049999999999999E-04
4.22985999999999978E-04
4.36939999999999974E-04
4.34816999999999994E-04
4.06021000000000008E-04
4.15055000000000003E-04
4.19931000000000015E-04
4.22510000000000019E-04
4.49052000000000023E-04
4.31576999999999991E-04
4.19095999999999987E-04
4.14795999999999991E-04
4.93064000000000002E-03
4.26193000000000004E-04
7.10551799999999990E-03
4.95678999999999955E-04
4.74543000000000013E-04
4.42768000000000014E-04
4.27785000000000025E-04
4.40644999999999980E-04
4.18003000000000016E-04
4.22867000000000002E-04
4.08219999999999991E-04
1.29038320000000005E-02
1.09404500000000009E-03
6.19729999999999977E-04
5.87548000000000020E-04
4.13073000000000021E-04
4.21533999999999993E-04
4.73707999999999985E-04
4.18413999999999982E-04
4.39257999999999988E-04
4.22800999999999993E-04
4.28402999999999998E-04
4.15045000000000008E-04
4.43677999999999976E-04
4.64814999999999987E-04
4.13538999999999986E-04
3.71637100000000000E-03
4.30982000000000001E-04
4.74120000000000021E-04
1.96159379999999994E-02
4.01556999999999977E-04
4.09693999999999998E-04
1.91537069999999990E-02
2.90831099999999980E-03
9.79953800000000000E-03
4.14677000000000014E-04
4.10852999999999978E-04
4.06280000000000020E-04
5.56033000000000048E-04
4.26614999999999980E-04
5.12341000000000033E-04
3.96433000000000018E-04
1.54115350000000005E-02
4.13951000000000022E-04
4.52247999999999984E-04
4.12824000000000003E-04
4.13214000000000018E-04
4.09204999999999996E-04
4.42768000000000014E-04
4.28305000000000027E-04
4.10591999999999988E-04
4.13614999999999990E-04
4.36723000000000027E-04
4.17049000000000011E-04
4.82083000000000012E-04
4.32540999999999991E-04
4.47350000000000005E-04
4.17841000000000013E-04
5.30580399999999990E-03
4.07092999999999973E-04
4.08684999999999994E-04
1.11035200000000000E-03
4.16994999999999974E-04
4.18110000000000020E-04
4.38196000000000017E-04
4.19908999999999994E-04
4.54693899999999984E-03
3.84430000000000004E-04
3.88318999999999980E-04
3.97094000000000017E-04
3.98957999999999984E-04
4.28380999999999977E-04
4.78008999999999997E-04
3.87527999999999994E-04
5.21365999999999995E-04
1.21384300000000004E-02
3.84537000000000008E-04
3.83422000000000016E-04
4.00517999999999989E-04
3.82207999999999984E-04
3.82523000000000010E-04
3.83009999999999980E-04
3.83323999999999991E-04
3.82262000000000021E-04
4.03853999999999986E-04
3.83725999999999978E-04
3.98654000000000022E-04
4.06215999999999988E-04
1.45318500000000007E-03
4.64012999999999991E-04
4.05804000000000006E-04
4.06529999999999999E-04
4.48672000000000003E-04
4.65561999999999985E-04
4.59060999999999974E-04
4.06486000000000011E-04
4.08154999999999998E-04
4.40383999999999990E-04
5.29110999999999969E-04
1.38998620000000007E-02
4.24057999999999998E-04
4.01015000000000009E-04
4.05447000000000023E-04
4.09465000000000024E-04
4.11361000000000007E-04
4.30776000000000010E-04
4.13332999999999995E-04
6.51341999999999958E-04
7.87854699999999963E-03
4.22238999999999980E-04
3.89173999999999998E-04
3.83053000000000007E-04
3.84190999999999981E-04
4.02500000000000026E-04
3.79673000000000022E-04
2.19480799999999992E-03
