-23.289578737596916
0.000302181
0.000222847
0.00024241200000000001
0.000227884
0.00022754900000000001
0.00026027600000000004
0.00021806900000000002
0.00021853400000000002
0.00031180100000000001
0.00022238100000000001
0.00022337800000000002
0.028496406000000002
0.00022887000000000002
0.000229769
0.00023202200000000002
0.00023264000000000002
0.00023828400000000001
0.000229325
0.00025052599999999999
0.00022666
0.00022593500000000002
0.00022549000000000001
0.00022519700000000001
0.00022458000000000002
0.00022397300000000001
0.00022471000000000001
0.00022384300000000002
0.00024512000000000004
0.00022629100000000002
0.00022658400000000002
0.00022888100000000001
0.00022949800000000002
0.00023023500000000002
0.00022978000000000001
0.00022882600000000001
0.027747125000000001
0.00021608600000000002
0.00063722500000000005
0.00025417700000000002
0.000380529
0.00037576200000000003
0.000371646
0.00037740900000000005
0.00041155600000000004
0.00037688900000000004
0.000376012
0.00037433200000000001
0.00029857400000000002
0.00023404800000000002
0.000266777
0.00022830700000000002
0.00022829600000000001
0.00022920600000000003
0.00024526100000000004
0.00023390700000000002
0.00023184900000000001
0.00024706000000000001
0.00022337700000000003
0.00025263900000000003
0.000225338
0.00022527300000000001
0.00022415800000000002
0.00022653000000000001
0.00024711399999999999
0.000225696
0.000228502
0.00022681200000000001
0.00023617200000000001
0.00027490199999999999
0.00024855400000000001
0.00022919500000000002
0.00022745100000000001
0.00022282500000000001
0.00022225000000000001
0.000224634
0.012226385000000001
0.00022579300000000001
0.00021689900000000003
0.00024501200000000002
0.00025440500000000003
0.00024343100000000001
0.00022778700000000002
0.000230072
0.000230203
0.000228187
0.000227321
0.000226877
0.00024585700000000004
0.00022540400000000001
0.00022518700000000001
0.00022406000000000002
0.000223713
0.00022440600000000002
0.00022767800000000001
0.00022389800000000002
0.00022344300000000001
0.00022532800000000001
0.000246247
0.00023984500000000001
0.00024613900000000004
0.000228361
0.011770537000000001
0.000221883
0.00024271500000000001
0.00022445000000000001
0.00022101500000000002
0.000224331
0.00022631300000000001
0.00022430900000000001
0.000224775
0.00022285700000000002
0.00022439600000000002
0.00024562999999999999
0.00022598800000000002
0.000226703
0.000227278
0.00022896800000000002
0.00024252
0.000230647
0.000246312
0.00022765600000000002
0.00022487300000000003
0.012896762000000001
0.00022526200000000003
0.00022461300000000003
0.00023531600000000001
0.000226617
0.00023344200000000002
