0
-0
1e-300
-1e-300
1.4901161193847656e-08
-1.4901161193847656e-08
1.4901161193847655e-08
1e+21
-1e+21
1e+30
-1e+30
1e+100
-1e+100
9.9999999999999999e+306
-9.9999999999999999e+306
1.7976931348623157e+308
-1.7976931348623157e+308
-1.7460028341511582e+145
2.6733179807765818e-139
-1.6041892008764466e+283
8.720437932119685e-40
7.6108590131400882e+42
-1.4093432519405391e-303
8.0793447986508458e-96
-5.9658221765410097e+125
-6.6418945631767787e-185
-8.7918204000913129e+103
-2.7795034125521532e-10
-6.0298594793179092e-40
1.8185410999926814e-301
4.0093220155709678e-159
-6.3512904295915399e+285
-5.086820935221934e+196
-2.1298405851457249e+298
-5.5830459478135259e+127
-2.6235923551261714e+91
4.1476654133673579e+59
-0.00018983188823911665
-2.6395407598730595e+96
-1.4056598740501242e+170
7.8544886939857886e-17
5.7112727079970928e-30
-5.4844024533907628e+87
-1.5140419633573442e+89
-4.1458051134807016e-66
8.4322230525284874e+152
-8.8039152911636931e+99
-7.8106141225161709e-184
-7.13056825988319e-85
5.0683011855381402e+287
9.6856294950185116e-163
-3.0654094579636467e-196
-7.1403042840895502e-300
-8.0393333692894757e-271
2.9842334755746503e+93
4.9813211117404148e-200
-1.6116995524063059e-168
3.8821251437078076e+273
1.3798671792944608e+179
-1.2003547762749464e-123
4.0031588926176808e-22
-3.2009483876671029e-255
4.5206005716788296e-163
1.1720450694759519e+221
-1.9689243479371993e-171
374773358.8613829
6.844136084239238e+300
3.0690173354794921e+286
-5.512984782955535e-254
3.6694551292174085e+41
-1.4331296434341908e+157
1.1212643257827631e-144
1.092654068405274e+218
3.0630561842828206e+296
-4.1451991294694418e+258
-2.927724158733912e-65
-8.2725029711325358e-299
4.5609368382922544e+67
7.8448102471395646e-21
-7.0399543209249234e+140
-7.6116358674119846e-46
7.7980108249854375e-58
3.1044945408604945e+35
4.9470383266770438e+122
1.1503791874998621e-257
5.1750562983770756e-93
-8.6840884266013581e-139
-9.8781420515334077e-19
4.2198660951142708e+189
-5.3843439447301214e-183
4.5098181485215603e+34
-6.8748493928379318e+286
1.3812266043954362e-82
5.2869533550003472e-121
5.1819455350649318e-184
-2.3138896179963131e+22
-1.0006898039456915e+151
3.015400077914266e+185
-2.368849408777467e-98
3.581256307536909e-169
-1.3662393238304877e-173
-4.132405426094428e-237
2.6311775934630071e-145
3.1681777490461492e+292
5.1684010744558495e-275
-127143.92513669978
7.0028243227809929e+163
1.1655753104629443e-246
-0.0052838960165993163
-8.7001051845581685e-269
-2.7023481906304177e+163
2.1018508600027668e-287
4.0462051693884943e+234
-7.7045592349287782e-203
2.1191392563274759e+132
2.7048905598153489e-205
-8.4620515935016694e-108
2.3357064986274961e-287
-4369411015942.7603
3.98850053819575e-112
5.5964443258663295e+277
6.4827112558053341e+103
2.2214028058289562e-10
-1.7289032393281398e+93
-1.3557983970177381e-15
164.42368185263206
1.7641592702316945e-123
-1.8893120444068382e+125
-2.4594480811841788e-37
2.5657255054903931e+105
1.1800472415704428e-290
-80.268973764963292
-7.9238006018457106e+293
-3.1099745844479917e-225
-2.6709639917675727e+45
-1.0160442558196446e-36
3.6293153674600362e-297
-2.5759141675891723e-84
4.7272274255501744e-12
-2.2529878910953703e-204
1.8507045837728288e+267
-4.1522320481316e+40
1.0520722158538099e+251
-9.430382366210786e+275
6.1496397186325927e+288
-495690192212.99451
-4.4828616298932881e+294
-5.122423865152875e-65
-1.4494409748467982e+203
-1.6757356611737286e+226
4.4015655481598099e+302
-2.5463170674642335e+186
-1039700093447.543
-6.8399391259487678e+159
1.3517349510167415e-291
-4.6303501038803144e+236
-4.3495400300112624e+197
1.3054194745540723e-287
-9.6009120293329666e-305
5.1355518775712355e+129
1.3701646445399897e-127
-3.6438196208424964e-229
1.2905867318389205e-174
-3.0702029397911589e-222
-5.8648441553694511e-231
-1.6889904474481904e-143
7.4004905953713863e+78
1.8858054048354279e-248
-9.2916372417489409e+257
5.3324946515655608e+284
1.2735954884661539e-261
-4.0620044027496316e+139
-3.760354561092702e-11
3.2022682153329605e-85
8.3415882337872676e+233
1.0953898905896982e+307
-2.5731667456093522e+195
-2.370601079685838e-86
-2.7300070463939171e-292
1.3918459120090316e-94
1.8500197814267037e-301
-3.1700043132350448e-66
2.1055480439920748e-125
3.3096606187941522e-220
2.6125915328335753e-304
-8.8945487677135522e+71
-42800539203061080
-1.6302003196154567e-307
-5.0302691086749645e-208
4.2737820659077294e-263
1.8904643591643971e+17
-5.4527035430715491e+231
6.478704789217005e-217
-4.4117978901508692e+159
3.0845057334777039e+201
8.3832203231359084e-257
-1.1450935566847983e+189
4.7674623376308784e+198
-5.97155680547724e+29
-3.0363155790187998e-253
-6.0698830687218208e-259
1.0365990091915156e+130
895983865919356.25
3.090991676664622e+198
-3.6200238046532439e-296
-2.3283220099790756e+69
2.7904409936421222e+207
1.2001381209063863e-181
-5.5191070514903808e+46
-4.1132781345241009e-08
-6830.3992374857353
-1.2320273298391925e-101
2.8235758164504535e-255
-2.6841563399814685e+87
-1.3150194413477218e-13
-6.557667069875492e+156
-1.0664419363793853e+276
1.8822511098723702e-80
-6.0498886746885916e+55
5.3228208439472155e-179
-1.325978698996124e-239
1.5541866591995643e+68
-5.1887992969956699e-78
3.8218330348225125e-216
4.3267426447858079e-256
-2.330362833616963e+73
964562777.55652881
1.0459471325610163e+299
-2.4151991234656353e-298
-7.343947092730706e+305
2.3040650317085209e+49
-9.4116089108853333e+204
-6.4741171454993699e+47
1.6717443717468418e-258
-1.5275175234389463e+226
-4.6693279332979206e+126
-1.9082820454116709e+30
1.1238419442396158e-64
9.0941854911837294e-82
-3.1583945133447123e-103
-4.3008845342953099e-263
5.9077825086348862e-117
-2.7508090703426527e+157
1.7066154364191669e-259
1.2218454481417947e-89
1.4271932079236931e-183
2.9540797511755185e-182
4.0030261584951602e-146
-1.4713936749259787e+247
-4.3116975627117899e-221
1.1464595769967531e-95
3.7643202204771725e-195
5.7077262385768914e+295
-2.9409035204507252e-228
1.597100365608365e+163
-7.3636448861292419e-50
-1.1703732399598741e-271
4.6784464192089957e+140
-1.6935278287649538e-283
-7.9416545882877878e+26
-1.9416201405687242e+293
-1.2606705841867171e+53
-1.9747838335675771e+113
2.5739964492175685e+107
-1.9739023675633757e+31
-6.4303536985873998e+209
-2.3465986431599589e+237
5.681329108755828e-10
-9.5567081228129216e+119
-8.2438716233212499e-119
-1.1806506988829671e-214
-1.4855338395606411e+203
1.164937443403668e+290
-1.9505737320394646e+133
-9.7354543924778356e+291
-3.5541213689800623e-106
-3.3002715088471436e-269
1.880963324161692e+248
5.7008995518679736e+117
-1.6297343424060916e+308
-4.3768172759041455e+147
-1.2565966441174429e-144
1.3902720225259723e-157
-1.2612059041161377e-112
-1.5145777931371955e-266
-1.4789368868922535e-26
-1.3579848500423262e+218
-4.2637684646543001e+162
-1.2847799761749e-274
1.235496331269448e+224
-3.0839719177162649e-184
-3.8582637071814791e+114
-1.3197431921593147e-246
3.3528685306266033e-63
1.4101912215145818e-105
4.2469178338817498e-48
-9.0277625487039222e+79
2.5516973470560224e+73
-9.9635375624315071e-114
-9.5541280108640697e+291
5.6977474625226391e+55
1.6435285604539806e-51
6.4441117538978235e-43
-1.3294482256170873e+203
9.8518020546789582e-215
-8.1309989983611629e+198
-3.7915814588037872e-263
-9.8595402801350032e+298
4.3115693253967521e+186
-1.0889094205082402e+135
6.0180588146164396e+95
-4.4294317142829294e-284
-1.0889397500566521e-240
-1.1617740632164737e-187
6.2541891601652028e-185
425887530.18629843
3.501430814600204e+306
-6.5381809505126495e+263
1.4173414543149596e-17
-2.8008962626433445e-197
1.411980297614194e-96
1.1218509762263275e-96
4.3486047111069242e-20
-3.8575656472965309e+18
2.1992779689021099e-171
-2.1697240237343733e+119
-1.537762983570697e+277
5.2847056125581038e-56
7.5394161092669821e+274
3.1915610655048575e+184
2.1004117852445338e+307
-1.6470476772277569e+130
-2.2811567840730257e-273
-7.0230317189701377e-164
-1.5937118995567045e+224
5.6381624003140597e+235
236768.70044184814
2.0398015706101959e+284
-1.523801237876024e-116
2.2811740131990375e+111
-1.3553025277033498e+290
-1.4638979494789939e-33
4.2295494147939296e+145
-3.1191367209296101e+209
6.3262261724678697e+262
3.6362070082247548e+61
-2.7545463106089454e-176
2.5747133645431508e-51
1.2624567036954813e-105
1.0842246563650964e+167
3.2541788739518944e+292
-1.5455635539623033e+220
6.666889235892626e-276
-3.8442447758499494e-278
2.2916833220237179e+97
-4.9649875564475944e-298
-2.0858922066545742e+94
4.3820002450316261e-85
-9.0028243505778971e-194
8.9082587703703011e+205
-4.8840799472601876e-242
-7.8309240351814905e-279
2.350928271612026e+103
8.1365314289442077e-258
-7.2868866491765172e-154
-1.4855694590403322e+271
1.9023871445310309e-269
-5.3577991517210029e+296
-5.2264991543006878e+99
216822800930.22046
9.3367251592462342e-185
-8.8170227783845599e+64
1.0846555353377906e+281
-1.9392265963832422e+165
-3.7054498094322062e-256
-1.9913627571708128e-259
-3.1346110265937617e-267
-2.1823903250139831e-307
-9.2778642477738822e-299
-6.7373464534760176e+227
8.1771744493146498e-97
4.1547951158434228e+199
4.3549542019079168e-231
1.6655908975151547e-279
3.5322898114407919e-239
6.467175020192645e+258
2.0883251498071868e-255
7.660736534763028e-187
6.1343980416130749e+115
-4.2415337271611589e-249
-6.9963673185703592e+51
1.5728870172346059e+142
-3.9887915982448843e-182
-2.7182760406026012e-297
-2.5686576651557608e-261
-6.7622372009194986e-136
1.1016243033312908e+49
-1.0708075275707823e+157
-6.9941619693678788e+133
6.3791039624066861e-227
2.2431297741794073e-17
4.0980331143082182e-24
5.2557419073183682e+190
-1.8334784573241113e-227
2.1269900707539932e+269
1.0948663521630062e-153
-5.5962281433190915e-151
-1.8295505678380999e-39
0.00033482860413044067
-5.7685743894673018e-22
-2.0216328556296189e+177
-1.62618665871312e+250
1.612125538932215e-171
7.9203285820168201e-32
2.6750876041605809e-128
-3.4861816830450244e+71
4.1344546270227381e+29
6.0431419286272088e-221
3.1461706343488899e-46
7.6508163768679975e-273
-1.1125229674487748e-109
-1.6313265110080209e+143
2.1264019945067826e+130
-8.6996028083904742e+202
2.265215143338789e-22
-2.1167818776264837e+136
6.0973511329070518e-53
-1.61214745340557e+104
4.2546671796584226e-201
-5.4017817403733942e+56
-690300915.4528991
8.3555221048295956e+152
1.2333766173002699e-140
2.3832149580051619e-89
-1.4012123411145297e+306
-7.4424792646047777e+215
2.3004147924881538e-118
-8.8555155768791447e-190
-9.8200910700916211e+177
1.5943204734009725e-90
-9.9421006426285091e-05
2.8673237778087626e+293
1.8602442879703243e+160
-2.9161300008067816e+165
-3.7515108275414883e-226
6.065301361164948e+72
1.0491482384644515e-162
-1.3227603315559147e+106
-2.3323867332663498e+260
-2.8441835877358204e-155
1.555131557245868e+230
-6.234325224106726e-15
-4.1819824093114074e+164
1.0005203023103745e+277
-3.4992676126680991e-161
-1.7147565061025546e+41
1.5183093052930741e-241
9.6542135890251502e+110
-7.5186473508714493e-26
-3.7198654369076753e+67
-6.0227454065752334e-208
9.2638187913453575e-194
-9.2122157308478109e+266
1.3623812205178733e-52
-2.2636535223691732e-184
2.5745339021176017e+302
-1.693635471847917e-52
-1.9336788582603699e+17
-6.9682448727221604e+184
-2.7882655498294636e-270
-1.3753302450697559e-187
2.8330211165406188e-257
1.0467189133436474e-194
2.0720938577730461e+154
-1.3867588432360268e+194
-2.3377092260033103e+118
-3.0497456756320443e-57
-2.4929437217737176e-160
9.8595845154882536e-266
5.1040665531944272e+243
1.0366735674874305e+243
6.2711906496675358e-189
-1.2483677201764658e-172
1.8797635257506772e-271
2.9203424316620234e-262
8.9622981606628455e+60
-1.9309629536376789e-286
-298872389.56203353
-5.4542752499889647e-220
8.8442264098256624e+137
-1.2985883808319652e-194
3.9909509244843527e+34
6.2375520903337118e-178
3.175016196419465e-109
3.8390829450139434e-19
1.604312084158088e-139
-1.0486113577702624e+69
2.5122417595797335e+21
1.5969995058788843e-250
-3.2063052899301483e+267
-7.995152584741239e+167
-1.3836485483922874e-169
7.3866327017000065e-133
-2.1713723493774293e-138
-7.7646334141895551e-228
-1.3479644075523622e+71
-2.7554473885094466e+141
-1.6696840943019558e+140
-4.0379973986564122e-150
-1.5591770779822696e+238
9.0620289305257844e-110
-1.9476345007476895e-121
-1.2136388750475889e+154
-1.0170874785217689e-105
-4052194.5237994688
-7.3245531704436293e-233
5.9657606838302708e+149
7.9078687671595851e+279
-1.1970292097634798e+76
-1.1664661423976664e+260
1.1526548611996624e-60
-1.7000599607652615e+179
2.6733883945317236e-199
6.9840085710478136e+159
-3.7449378213104379e+208
-1.9323130073345054e-300
-2.0442755802324432e-301
-4.0396264409952435e+230
-2.5869500490221241e-50
1.3163184420607609e-106
-1.8497269493347925e-138
-3.1423200800364798e-288
-4.4295640150238541e-214
6.6182390075293909e-172
3.4006575639883836e-297
-6.0284872374705156e+100
1.7376356025395372e+71
-2.6906054527392789e-163
5.414233835582078e-199
-1.3391893073694671e+216
1.1019241249619357e-184
-8.8518932384916873e+70
-5.4738342115377287e+54
7.5236036744537983e-41
-6.9094615702008825e+192
6.3427009839392757e+67
-4.5240960999547134e+251
1.8514147674928289e+272
8.844520132149058e+257
1.9812809048694935e-202
-3.0569272751268631e-54
1.7277557518680963e-138
1.2086999666542759e-95
1.7175837601820391e+150
1.2632066053755142e-164
-1.3057445323401762e-12
2.6966152924120514e-300
6.4084159835832152e+91
-1.1822772207801478e+153
-3.8821011509319452e-39
-6.1714508221814419e-18
1.4722870513907549e-199
2.883771201510772e+120
1.4730027709213385e+289
-8.1640882438283234e-277
-6.8520385260343527e-242
3.349741263849467e+40
-3.8887211760017289e+214
3.6916050537883327e+199
1.2134243937759225e-202
2.502622259858199e-48
8.3466837430741117e+147
2.2486303924568736e-260
-9.6873788352819065e+55
-1.330794927733818e+227
6.0293511900536003e+106
-0.020094131612865714
-1.2924698274129121e-284
-1.7199960751954063e-199
-3.0189661937687307e-276
-1.6125426859198017e+293
5.2839220324830693e-104
1.4982645350894508e-105
5.2697489706811338e+77
2.0608391022164666e+288
5.6279132954604336e+29
6.3347366625146893e-98
-1.0423318869524759e+41
1.3604548953671173e+70
1.651100073941676e-15
1.5414139070259786e-153
-5.2478445261262487e-287
4.5123764074649582e+294
-2.6696951674064922e-128
4.0178907251178466e+122
5.3714174400178638e-19
-1.2025033590978031e-276
1.9102959288614433e-92
-5.4209963822737088e+102
-3.4324421218891866e-109
-1.0434036238439709e+87
-2.4025516038993625e+291
4.4815898453585905e-90
1.2736951267073008e-76
-3.7908236802396314e+94
-3.7468254792323613e-141
1.5883290390554617e-139
2.7768855814459309e+233
1.3814753404217268e-197
-3.3326010093429199e+295
3.2158609206498694e+49
-5.2033320011056332e-83
9.8710097729791264e+254
8.7269393105880748e-195
2.293497279370091e+140
6.1243427746619425e+142
8.0339513034073012e+148
7.3968192960225483e-38
-2.6491431041582453e-123
7.8437735729718153e+212
-2.0152842489372782e+220
7.3540983891574242e-16
-8.1157440847339135e-243
1.3832315304108414e+88
-3.5796109986189005e+40
-1.7584248024303837e+75
-2.5114573405845319e-229
-1.0994414738145519e+154
-8.3584321456584312e-251
-3.5891357234808414e-269
-6.67649464965854e+109
-7.1111197037344499e-296
-2.7003245534587382e+110
1.7829055247036273e+23
-1.2885401893907443e+113
4.3484478692637424e-79
-1.6546196029654826e+55
7.5722734970932909e+154
-2.9447986149927613e+28
-9.6097729956051785e+173
-8.5524608513677633e+300
2.5822548484691298e+253
-4.8362171917949243e+267
2160330560138.6912
3.0101679797222442e-40
-3.727283047980542e-246
1.0410931450467153e-134
-1.1834984995726915e-303
-9.6224877140518527e+36
-3.5768639938890777e-290
-4.6480686162346482e-133
-2.3587146343892158e+159
3.6895833757620476e+67
6.1770194674058256e+181
4.7519677978517089e+175
8.2953619784281139e+193
1.276199037605764e-228
2.4859167210868304e-201
-1.7395735345863216e-105
2.6465824024172788e-45
-1.9800007144789155e-109
9.8162737089841474e-235
7.5816774021669004e-272
2.3877062593067989e-279
-2.3657766222900316e-289
-58923805586.500237
-3.074323357982148e+235
-5.8245461318480814e+52
-2.2790626457597232e+273
-1.8545297413757286e-258
1.0556406444995355e-181
1.0085655272760308e+259
-2.6098818827233044e-53
6.7609350880550593e+245
-2.1211168923509274e+218
-5.6087035747584503e-278
2.7956878805540109e+223
-5.6763062419848322e+203
-4.9341266973806129e-200
3.9173654871666832e-88
4.6531832413585266e-08
2.262530207100802e-126
-3.0356968730557796e-69
2.0083419310164206e-86
-1.8080416505026251e-16
-3.1338369935938849e+291
-7.9696723493584476e-44
-6.0268503526501561e+74
1.5712306331910933e-294
-3.1122260679041209e-68
5.6697334301881512e+279
6.5193331452917827e+107
-3.6154084338051529e-129
-4.3790857915553351e-46
3.4311389099113636e+207
-2.9033746579516556e-252
-1.3535445291787491e+252
5.467739019089395e-259
-6.2345225790098144e+118
-1.3019449486696099e-134
7.7464632958636041e-108
-1600.0665770093626
1.1754333471891814e-190
-1.6492586839924948e-54
-3.1864859137944682e-68
2.287044940834247e+41
-3.4651017812646207e-98
-5.5319353870125261e+258
-1.5643487037574036e+192
7.9368997351425202e-194
2.4338641402323106e+91
-2.0432617696725278e-66
-1.038608976987904e+18
1.3662622178924034e+35
-1.4023968458132068e+169
-505286.44672682701
8.5837961817059622e-285
6.0734879106618536e-112
-1.4253053214347611e-258
-6.8605446601744655e+203
1.4073847239653307e-226
8.801098357800718e-152
3.3590265400797581e+298
2.0427377934876798e+36
1.2005900054533075e-117
2.6085573207647638e+238
-1.7328774154433426e+51
3.2028665002083741e-135
1.7331002055793406e-107
-1.0724512563583377e-57
2.7786593527024708e+148
-6.2421487675735284e+73
2.6327654200653475e-151
1.212548610360064e+67
2.3484648158923927e+117
8.7766553743062749e+249
147996160060543.56
-4.4830005278895228e+256
-8.1236745290704359e-100
-2.226045455243112e-204
-1.4766408071269144e+85
2.2402252183559714e-227
2.8666992686856853e-208
1.4828063871140353e-226
1.4688847631967985e+171
4.1564877964942969e+179
2.7651999020410641e-216
-4.7009631712954675e+286
3.0623591588114691e-237
6.9037654739635323e+224
1.7087381675605228e+86
3.221152531746977e-146
-5.5293794808561458e+205
-5.9792418212697765e-244
3.6916424883057465e-157
-1.3546715262862648e+244
-3.0085188922311983e-200
-116.89695394816664
1.6993454337503441e-199
1.6770553451578933e-202
4.5592972878379072e+187
-1.4941896088496333e+128
1.0567652356424683e+250
-2.1501124306330384e-132
-8.9183973054283976e-273
-1.94567825342361e+254
7.94619406463725e-191
3.6418842141867616e+118
-1.7165295833312165e-47
1.3003425764850424e+126
-5.2674824478942301e+203
2.4086631688576923e+173
2.7103974314788386e-113
9.4356101443076048e+150
3.9591930142885858e+296
1.4746429321647881e+20
-1.2339266809863926e-118
-2.1885025543635915e-172
6.6072961645156882e+121
-2.3657252153860157e-196
-8.3197936169530438e-113
-2.8500557607022914e-177
-4.1105624159043368e-129
-1.396513456507352e-154
-2.864450770310163e-70
1.680916755316957e-45
2.6862323109248695e-288
0.016967116363161214
4.2216361112840157e-247
4.967008569247484e-273
1.8642641364777821e+162
8.5444612883094951e+164
-1.2569142306494869e-209
-2.0185758366949953e-290
-8.7131526467793485e+105
1.3241607662494391e+174
1.0222622796186288e-35
-4.9845245330551465e+75
-2.5198231830833779e-281
-3.2048659225189246e+196
-9.2724773209419466e-265
-2.914319079697096e+86
-7.3257403971613049e+19
-5.6729962241690805e-186
-2.0889315350599383e-241
2.8535870934881882e+277
-7.8007128017432524e+187
-3.9798363848418594e+279
1.8640456845039043e-149
1.1075514218861338e+136
4.1205208923735508e+88
1.2456189008334033e+149
4.844184390643378e+159
-2.0073947592426339e-30
1.9641943311411991e+294
-1.1332709472822552e-215
3.1747875263289774e+212
3.9504753996897038e+160
2.6289062887102728e-75
-7.2668733118791718e+220
1.6499229868876505e+195
-1.6266515015489043e-221
-1.7414763190804169e+172
-1.2404552745002832e+108
2.0969582243311942e-64
1.1392979144222466e-172
3.4651253516352877e-73
6.3879691805770228e-241
-2.4577493838683835e-18
7.9548539398795325e-308
-1.9134145680228185e+82
2.0450237769715228e+92
1.2845414076430008e-93
-7.9999620494482399e-258
3.4558889725984691e-171
9.2010669199272697e+266
-7.9413288447145075e-150
-8.939996066405833e-101
-1.3130328928284251e-124
-8.608323043915941e+245
8.844768709714604e+224
6.9327205355034268e+87
-3.0754819956019213e+123
9.3768756698358165e+29
-1.186453260358481e-157
3.1680088887214224e-71
4.3630928008527112e+170
2.793040869972805e+295
3.5754166437397024e-177
-2.6744536672634492e-163
-2.3373515231821984e-272
2.218349775153595e+29
2.906784863469704e-74
1.362752332944903e-19
1.4606643616529262e+99
-6.2520743097084844e+30
-1.6069730983378875e-134
3.7031450713609151e+172
-2.2346086484073193e-08
9.4966577574196567e-178
3.367713117782552e-171
-7.118080571149848e-129
4.9822490784406138e+136
-2.7652560094361654e-32
-2930891983.1903334
1.4666410433512816e-273
-1.6501007114882643e-148
-3.6311698837978909e+192
-1.7875374935526121e-100
-6.7474457494967584e+253
5.0933969093500364e+70
-5.9790676041731881e-117
1.8702061085304907e+139
1.1612208196162992e+55
2.8563154003910518e-08
-1.8848638660752224e+289
1.1875644218310378e-19
-1.7847953021288635e+84
1.3441927169017639e+109
-2.6052178981933149e-210
1.1228141238209813e+285
2.3631297302569638e-182
8.2213550867468966e+121
2.041773036945005e+112
-5.8298583489100282e+184
-1.2110890306869099e-114
2.6732189043629851e-237
3.4126501407508763e-163
6.3957566862857646e+72
-9.7740034381345457e-273
5.5913005191187359e-101
-1.5085247480919316e+181
-1.402977510989137e+253
8.05420539952862e-50
-2.2939810703312182e+244
-1.7865845365428935e+137
-8.3588572615030392e-200
7.0648476129923049e-117
-2.9473165850792951e+85
1.3169510400735254e-152
1.3954896449351521e-222
-1.2611373265298249e+229
2.8022417073068162e-238
-1.1507961108155628e-184
7.340353220000193e+38
2.0435568795505401e+42
1.6131637552910027e-131
4.487250283633831e+26
-2.0793809952590253e-121
-9.3576842458867174e+162
1.7987379249912917e-205
6.0154804090060825e-157
-2.075859127573898e-186
-9.4339012919922027e+52
1.1434696407902797e+135
2.4853080068199784e+221
6.2137850633670873e+260
-2.2647633938598165e+103
3.3912789130337919e+242
2.2272587423937388e+256
-8.2363519661250147e-268
1.3680780784891967e+76
-5.7756934055888723e+228
9.0220260967934771e-193
-1175997208.4317689
2.7687284208012132e+301
4.6367748137791424e-130
1.1731967446767831e-209
-2.0921430526571798e-128
-2.2043429086090898e+52
5.2257092818158823e-139
-5.2712732947786837e-201
3.0327204821191258e-12
8.3504288151624881e+111
1.6565000408253978e-80
-5.7804017863656793e-258
-3.0214243495429514e+150
-1.3683533365916097e-303
1.4013502733430887e+164
-7.1750763322648341e-303
4.4869471313464577e+255
-1.1726284328495057e+122
-1.1833320554791412e+232
1.3668428553951123e+113
7.0921657659264962e-255
-1.4028688692772263e-80
-8.9544674821298919e-181
-3.177778083979305e-157
83871701530995.625
-1.624540313564257e-189
-3.716486919568831e+291
1.6035664044446228e+174
1.0632422431800884e+118
7.9992995486903931e+147
4.3879477685735267e+184
-26769089359543916
1.1527001633119762e+168
6.69797758160971e+119
-3.5456041413785621e-184
1.4745973119814577e+68
2.360842741461117e-271
2.29101919371571e-14
-1.9865855444812353e+107
-3.4099298634078302e+274
-7.1909032613250679e-242
-2.9977299162826386e+106
5.1834543924280355e+259
-1.3468093607838168e-115
-2.9547185790303632e+117
3.0517377000216471e-165
3.9026033144055357e+301
2.1078430101951112e+185
8.0759834097935429e-66
-5.8862992335898957e+89
-1.2406636497090084e+232
1017180892421.8936
-1.0603638435288586e-61
-2.3945352113827509e-285
-1.9384771520918419e+300
-1.0147440791767094e-57
-5.4290007754688603e-227
3.0094591055321826e+177
-5.8417884082599415e+295
7.3222010373050078e-202
-1.7584298230641784e-271
-5.2705457454007459e+206
-4.3134798259263526e+282
1.8239144675162021e-160
-1.8842950986971581e-207
-3.6163149719688405e+47
-1.3018644995460556e-101
2.019604492553499e+86
-4.5401438408653111e-122
-7.0875095503203884e+68
-1.865407360945406e-50
1.9006840085684214e-71
3.8504578236218813e-115
2.2487950936924702e+88
-4.76291180493721e-165
-9.9134339982148178e-105
7427139608.6459074
-3.4219180630729794e+130
3.9870046047517535e+67
8.3836880238706618e+96
1.4975583859014179e+124
1.5406196291190167e+102
-2.7819577476552321e+113
-7.9158302742287408e-53
-4.5402208991114374e+190
-7.5598807127489306e+28
-0.071323194344845534
-8335790.4489396978
1.2151309069545592e-103
-5.3979016666466448e-243
-3.665275008476526e+58
-5.1164598041383776e-215
-1.1162045661763848e+123
-2.9217473981820253e-70
-3.9195594577651667e-85
1.3840573106056584e-133
4.2929761612991545e-84
1.3176021392392005e-202
-4.4871731522640922e+278
4.0135240930223434e-240
3.0457310247865074e+251
8.2528768010958419e-13
1.0555384039824921e-279
1.1946345068371067e-10
2.6659253302989407e-165
-1.6171906404673813e-209
-2.0166461764944357e+28
-1.0867663047223252e-14
-3.3592670108894895e-237
-5.0991038388000472e+98
-2.3291162352529195e-110
1.9988274720139345e+207
-3.3839100335005398e+49
2.281745152663204e-19
9.2212381234148704e+31
-1.1128491726732406e+293
1.939232696518569e+117
6.2512187152921943e+278
-6.6719331061808727e+235
-4.9279610919419225e-58
1.1377881704793238e+67
9.442974684026843e+73
2.8852695460822271e+268
9.8024095602796669e-294
5.8437341308524904e+256
-3.6069212596397262e-297
-1.7942653053869322e+167
-3.2750768472011496e+44
-3.8551783014135185e-215
-9.7574034337713516e+125
-1.3668532207232337e+132
2.7254524084203652e+120
1.1652018647211912e-84
2.5084144872629565e+118
-7.9306105322072428e-278
1.2242232054318998e+136
-0.56048060490781215
-7.5330109174987598e-35
7.3476401374414073e-156
1.0230609918230016e+223
7.3048786342068357e-63
-7.1163584351363234e-146
1.8223506949380938e+60
2.8711681672310597e-09
2.7072366023587224e-14
-3.0888283309147619e-148
8.2356274379518654e+156
-3.0359032457911571e-182
9.6342297336186085e-213
4.8165222762289796e-239
5.3830955517537043e+126
-1.1195117165911649e-243
1.5646013440918108e-88
1.1679183160138778e+84
6.4850696544853447e+267
2.095432475933409e+68
4.835100809710626e+85
5.6267302752704708e+60
-7.15912329093654e+171
3.6759929941093575e-292
2.2586429653739938e-87
-8.4976287619647834e+292
-3.9304295135830972e-249
2.2139567219425042e+19
-3.3634320787606408e+141
6.8515602137467072e+77
-8.4042248952076669e+47
-5.455132811313517e-203
-1.6666639281784279e+243
-3.6684975873138796e+273
-1.1432199340235342e+89
-1.0133823174269249e+246
7.9283884256097431e-225
-4.363887392092712e-34
3.6847361351597863e-83
-2.3961124634462597e+86
-5.29585481671337e-54
1.0567130759332521e-212
2.8633191138459657e-64
-1.3768397104377335e+101
8.5272610864223751e-258
-1.9013451469336639e-197
1.698169008715173e-149
2.5105213567436757e-218
-3.2835460656733999e+163
2.2658037061206092e+210
2.3239081197000466e-130
1.8429117116702861e+37
-5.103883698882923e-201
3.0822309229133165
6.128177305941829e+39
7.0088583784180427e-64
-2.611966797006701e-227
-5.7890969736351818e-238
9.2378478640916391e-12
-8.4470066028088896e-10
-7.4694564589055943e-274
-3.7462658464786166e+41
-6.0117042399500599e-183
9.8046653254507571e+122
-2.0472059575466243e-27
1.1729119844768011e-278
-2.5145471656260332e+31
5.0915407725030498e+114
1.3168759754984905e-161
1.3051126985465396e-83
3.8785877217409292e+248
9.9438814850392058e+125
2.1071056535844577e+160
-3.0851048914263157e-29
1.4164920977539166e+99
6.6880800864429314e+78
1.1431063036099038e+173
-1.1100459486448132e-135
2.4362726798975573e+108
4.8385250034623484e+259
1.2251662692997976e-103
3.0086512230301614e+69
1.8427942651033414e+102
2.8607673719844546e-127
5.9237585733223784e-93
-3.2563142520173145e+211
1.1812846328092542e-91
5.8842472886230544e-113
-4.4108882851263609e-197
4.7747637670227208e+48
-1.3638331544020007e+128
-1.6838229155247809e-75
-3.6139390847846393e-240
2.0065294734177969e-284
164352692586.42947
9.2310221452504368e-136
1.8936891225246701e+211
-1.0010211351824944e+174
-0.00050000277433109451
-2.8626873817875653e-85
-7.6540726743303974e-198
-4.4616424005734577e-113
-2.5773450803683067e-188
5.4795393826490082e+51
6.7115835182843041e+167
-2.7028728518504134e-238
1.5300234540384855e+113
1.9178830337054623e+126
-5.7694485214947262e+291
-1.2962871167778377e-58
6.6925722740550775e-295
-1.4409787397800171e+74
-2.2097452159203371e+38
6.6709807355497998e+116
-3.7797867157385076e-236
-1.5668979654318451e-305
1.3759961052973751e+34
-2.1051589483748115e-165
-1.3659163262384623e-196
-8.796314197131293e-65
-6.2959622570404804e-147
1.4261460001511217e-192
7.1110038743811331e-131
-3.2466895954101943e+76
2195.4797788858286
7.5320276962829367e-06
3.1882989552016858e+267
-2.1124559214232767e+285
-2.7356422961661229e-244
3.7097107676968543e+22
-1.0263513094105689e-175
2.5735389143006382e+101
-1.7604452625163051e+201
4.2813966778982402e-217
-2.0761038712255347e+199
-1.7297561952257718e+280
1.348260231404151e-198
3.7365786814655582e+149
-2.9581563632574339e-206
-7.5999136882084569e+303
-1.3350311742852853e-200
2.1190837531044696e+237
2.3610215816811679e-191
-8.0620420358143859e+49
-6.47575354438263e-208
6.9100693160844022e+219
-1.7198252641125996e-297
-8.0805323667511675e+210
-9.9082899216637503e-265
-8.3413855326450695e-22
6.3726121348116199e-174
3.6740069184755679e-57
-2.8695979183281144e+304
-4.1975573261566361e+91
-6.760752528627048e-117
-9.5144665478044413e-236
-1.7755682093667729e+302
9.2504204429424919e-158
-1.4242069004462587e+206
6.5951577925691689e-13
-3.5446654590391598e-12
5.5360766560639059e-81
-1.4583412988019296e-22
-2.3260379858863304e-242
8.942380370683164e+70
9.861496180566026e+231
2.9022043574186822e-112
-1.1237570214644387e-255
7.0189112348798948e+60
8.0096996448619393e-306
-7.4803036786919972e-123
9.2958599995484144e-51
6.7840645945560904e+120
2.7250083930878623e-294
2.9859838892392474e+220
-1.6619580059158257e-292
-6.3210250937209942e-281
-1.5228513687260838e-152
1.3896906748057881e-167
1.5499173027215497e+184
4.8418197238223914e+144
6.6010739757247279e+123
-3.8296847392162262e-206
1.4349346107413053e+97
5.542583329720526e-280
1.4623974490140277e+196
1.4384278772859917e-258
2.5174842444877221e-285
2.4373904551525426e-204
-1.0984602666571376e+164
1.8304421366632258e-265
-1.2499875363912593e-169
-1.2263685913262339e+63
1.0303128683588832e+22
-2.8038637981688187e+216
-3.494924340826483e-43
-1.1845101267669186e-230
1.2919117764889891e+75
4.4101192934408535e-196
7.5403315679647705e+111
-3.4068449833535075e+207
-1.9458301140286443e+152
-3.3847771574477726e+66
8.8530304832429737e-12
2.456681743485186e-97
7.334434616840069e-149
6.0128471469473775e+88
-3.4252444924998596e-261
-2.3565289444787866e-261
-1.6444181786008877e-31
-8.98078773824918e-88
1.8246029585134669e+253
-1.4143251206618664e-215
-1.2378189838360833e+253
-5.9448989069228936e-191
-7.0239094583365742e-306
-9.5503750090502524e+58
7.7155968009603576e-138
-9.236452344348414e+18
-1.89958446066003e-176
1.1380032332191309e+132
3.1608789450543828e+301
-2.5829631928126777e+147
-4.8899994495897202e-245
-1.467949174717421e-37
9.5356634125860106e-139
2.6626063462410247e+257
-3.7213387416850958e+106
-4.0503760140465827e-286
-5.7070288359595803e+51
-5.4485841349812446e+255
6.4391204722143434e-232
-4.5919886366803692e+78
6.8996267692554955e-131
2.3267043596839782e+195
4.2417449628426932e-268
-2.3988229532021385e-239
-5.2696317522272981e-13
-1.3241285438618564e-252
1.3594338254334758e-11
-7.1941863008892599e+196
-3.6458886600962987e-178
1.0813744578680266e+17
-1.5090274503307138e-114
3.9402125076156074e+267
-2.8763567803271695e-21
5.5632964274280744e+51
2.1424147466220761e+177
-9.9662378091632853e+137
-7.6119548815792916e-72
1.9286833633972203e-307
1.032305351710556e-21
-1.1707662172393837e+132
-3.1375745967194912e+20
8.6398052103169362e-76
2.4783057403093483e-43
-4.0705295383143268e-73
-9.4967694375126601e+191
7.9880595953263365e-190
2.9425725493202648e-134
-4.9395704155327149e+110
-3.0315755214142651e-195
1.6950119330846374e-240
-8606977401772817
2.8839662168590599e-159
6.1836886132937544e+87
1.763555363608884e-225
2.8190006506922695e-165
1.6127619360576837e+121
-7.8868815612939753e+23
-9.7028950494350995e+181
-4.1357041692168513e-171
-5.1722994658031094e+137
-9.810870059761644e-304
7.4280109170143865e-150
4.8230533210097268e+155
-4.2181012636270371e-157
2.6243798956573427e+306
-6.288426528501973e-57
-1.2612360887246781e-124
3.5622753368855082e+190
1.20425719114563e-06
-2.0068668413762147e-112
3.712406110468422e-306
-6.1762929720452608e-106
9.4587172360883524e+180
5.252352162320714e-151
3.5839065878735693e-277
-2.493385427664662e-147
1.1571006598891766e+226
1.7358998408818565e+197
1.4930735739785123e-257
5.2773810449043907e-165
-7.2366357121840966e+55
-2.4429542527281927e-28
1.143067559177526e+206
6.1924813584152533e+78
1.4664517539565009e+114
-9.6147055438611342e-257
-2.8546461174496492e+182
2.7425162379992706e-194
6.9839455932300826e-21
5.7538524796651759e-305
-2.6337803711653361e-38
-5.9508167302919604e-284
-3.8438342349270449e-232
5.05016744729549e-82
-5.5275294758485873e-175
7.2862573479690745e-123
-3.0608955359311382e-147
-3.2775270960352753e+250
2.9752406858558701e-259
-8.4198435151556117e-249
-1.3737046380622922e+32
1.5467372756016322e-171
1.0488405801020405e-267
8.9650985066459157e-146
-4.761023748433009e+77
5.4203801544762445e-172
-3.1863782965668411e-164
-6.6493074710281623e-241
-5.0389215700212573e-245
-5.4294832526967557e+129
-2.6475551420257012e+219
-8.3669250865405438e-226
-2.8798221945721856e+276
7.936630706027885e+235
-1.3365882029823467e+283
9.1763093037748829e+178
-4.4120204423242548e-266
2.6551837163175585e+187
1.6223348002144271e-78
-4.9111004260427962e-168
1.7186832695122291e+76
-5.8917831062884232e-223
2.9852092149485619e-200
1.9793017326102648e+133
3.8472054271422524e+248
43994.326780485397
-3.3852045891878049e-214
-3.8054865595575766e-184
-7.0467548747133073e+209
-3.1088652338889842e-194
8.9804639845437977e+215
1.8725643476709631e-210
-8.1833870626561411e+186
5.6673175900589009e+197
-2.3425360474521554e-231
5.1725254754560183e-216
-1.9141953903833934e+74
4.462776582102823e-96
5.3614176950592517e-100
-3.1814317093507256e+156
11571.417262585977
8.6893497366451896e-111
1.4162949733042529e-259
2.7592970119933316e+203
-63190123183084.602
-2.0064715763420142e-26
-2.6373723526329438e+141
1.5166584666312368e-193
6.1152023827159914e+201
-1.0164119559859018e-247
-1.6288876226297836e-124
1.5473304010199837e+53
-1.4439658197938343e-55
-3.9864044194466451e+65
-1.5236007994172379e+100
-1.9311285330207993e+90
-3.232607552207544e+230
6.9930797105125887e-210
-8.0304199549764864e+107
-6.7864035668680496e+47
-2.9497855027013986e-45
7.6243957458630401e-148
-32325275196882.016
1.898243614394168e+121
2.3086574565118674e-266
-6.6264521182848236e+18
-9.0750267146216858e-250
3.9531892742811576e+227
2.3566877087204833e+60
-1.2447038676177605e-231
-0.00080782181250822359
-3.0720532273180566e-74
4.6265857914338425e-96
-4.72140855785252e-28
3.1844407262227438e+152
-9.71519363144994e+167
-1.5091512639785264e+230
-2.1407546955131716e+212
-1.7938486419205833e-183
2.5489450821623402e-166
-2.0745558098814255e+303
-5.2829222835575518e-154
-6.0430812345569738e-07
1.4345226541573819e+253
1.7277136224187166e-243
-8.6057389473810559e-300
-4.5136100209832229e-243
3.8890458855138934e+77
-3.8246079691244295e-176
5.4438738911010342e-228
-6.9792074566640122e+52
-4.9232132108504488e-189
1.0764024155144612e-63
3.4871943981150834e+273
8.8883905932947485e-270
-1.0295990695182928e+153
-3.238463423990228e+238
-1.4558416294820262e-282
-3.1372313551468726e-48
-1.5455592134240109e-212
2.0227358803989942e+303
5.5684026327794827e-261
5.1589611763668112e+256
1.3612142589607155e+133
8.0395869004179886e-99
1.3113967005408051e+76
3.7942529521861095e+226
2.3182325022140315e-64
-1.6545157473516737e+145
9.2312214099750827e+115
-5.5242488785449762e-84
5.6654125167494192e+44
8.9669099377063778e+219
-2.2104875675436094e-196
4.8330067416245801e+39
4.9527031356369172e-216
-2.0749984306029635e-244
-3.3981278989120125e-164
-4.3626049280227668e+246
5.156308400006616e-295
4.6309392877392635e-267
-2.7217873610417965e+274
-4.0290485041378141e-186
1.8286130187285194e+273
-6.0349110672486438e+83
-1.9656485791660781e-113
7.8082817443230118e+296
-7.2925195308846695e+220
7.8490917506878803e-287
-9.3076233972642766e+297
1.5394767555885304e+121
-1.752078529355079e+55
-9.2129189969812355e-50
-3.5940193849687279e+172
1.0055940804465773e+127
2.3637687242690431e-41
-2.4338827018572496e-27
1.5555809387858628e-220
-2.4812697551321075e-266
2.4224382300639254e-105
8.1942435835112911e+186
-7.9220728743615447e+304
7.6188855707989306e-215
1.3030851723625876e+158
8.1011395099139153e+46
-6.3330037490504703e-197
1.4520879845982692e+200
5.7546013367295721e+89
-1.3264908578670374e+78
4.469693584579261e-218
-8.4118163844267254e-107
1.2342501093603359e-95
3.7350460289026061e+38
-8.8170602289643355e+70
2.4859306305171427e+138
5.7981550483873615e-86
-2.4348525463579764e+180
7.9062919585293181e+55
-3.4164497775050768e+248
-52506093804005448
-1.116570307085252e+133
6.0036531086315941e-43
8.8826196609258838e-179
6.9059705921567964e+238
3.0637743805899177e-13
-1.8211025976636673e+115
-3.6884503382891871e+256
1.381652216608797e-272
-9.1805916292039671e-79
-5.5433607429110549e+113
6.9177913213452541e-128
1.0800158197342515e+56
2.3731928977267045e+85
2.3190652610690257e+56
-2.6400208896683238e+248
1.7367260213849538e-65
6.1238781721710225e+271
1.7039260191135612e+276
2.334231408327575e-281
0.00043261753205647082
2.2781276558615342e-294
-4.0933413920385778e-42
1.2880176306460874e+202
1.6076281925493638e-247
3.3530796485208584e-249
-20784176664660.055
-8.8525914186206938e+46
-5.2127945249167164e+50
2.0777262072121399e+45
1.812895539174418e-134
6.7026495752990703e+110
-7.0379907824590266e+172
-5.6415280707237086e+143
1.7540606118125252e-203
-4.814781945953071e-249
1.1834985284672344e-16
1.471894467606079e-152
1.2147622887310942e-64
1.0170921201014833e-76
6.8128827437406897e+118
2.6580197275768625e-267
-5.3092369490639249e-198
2.9292023262395984e+99
1.2037999776701504e-141
-4.0034185473356142e+25
5.2986912778115998e-308
-1.3516783789492069e-277
-2.6131512961523301e+209
-1.4852831884483758e-229
-2.1216618596933678e-287
-3.029253461532747e+63
3.7563386538157331e+84
3.8322597922813097e+199
1.6135358440415086e-213
4.9501054886100326e-202
4.8613074976284217e+250
-5.4047692652107778e+168
2.1580402164158711e+99
-247746933257.82108
3.581213480578963e+108
8.0611211441513067e-94
-1.4880121268595562e-288
-4.0498831935202115e+149
-2.5478763163970674e+54
1.258180921658132e-263
-2.4611951678518967e+141
1.110845710899549e+147
2.3273249145518478e+157
7.708230538978579e+64
-3.2271172505294362e-150
-3.657921029818999e-48
-4.392596808710155e-218
-7.0381493481052776e+48
7.200147496541151e+224
-1.4082453686469294e+78
1.8616241570597933e-157
-7.7562137699093631e-58
1.5660687404481226e+37
-1.3441610706418061e-14
-2.2760681827157852e-292
-1.234568123293719e+299
-5.059550235341017e-226
-1.4101812074055996e+246
-61385863699744744
3.3481852148132609e-71
1.0475957616212547e+245
-2.8901271246114164e+56
-3.3422863514985644e-60
1.1537345423328029e-234
4.7253479500244101e+116
2.4142768315824994e+103
-3.1324728457533646e-258
9.0171724913931919e+29
-9.5029696705165712e+267
-3.0100328240682397e+186
6.2348844475207289e-19
4.7463342764399525e-52
-5.2281285329074058e+209
5.4016390671378325e-222
4.4258476097282574e-278
-1.5009847789233303e+60
1.5038528515402034
6.7524957577187098e-250
-1.5708852443995108e-223
-7.5413997366541989e+190
-1.6813069563239494e+87
4.8863570290879303e-297
-1.521570560264181e-05
-4.7522204755642776e+228
7.1298334507042022e+141
-1.1939502279812932e-285
-2.6085650687640534e+247
-3.0893432239594194e+31
-1.8612726348898091e+175
2.4733389045425855e-229
1.9309457554034653e-118
-0.13032439168967414
1.6563913578504965e-226
2.4813498095295942e-29
-1.0121574961942399e+87
-1.2670146212369227e+94
2.1132577775988299e-137
-1.3798611304278906e+130
-2.585990411987222e+187
5.0997397797556632e-173
-1.4455257109492176e+304
1.3133574124642802
1.6491036726375941e+179
-1.1817464041853338e-169
-1.9435513271819592e-268
5.5952548603607411e-226
-7.3981721775659234e-154
2.4329659294654345e-53
4.9663853149500287e-232
9.0797088210139007e+284
-9.6331320510665923e-82
3.5388365652075636e+105
-6.8243970405064434e+143
3.2848471987538844e-94
7.7699748935559742e-217
-6.059361224897203e+142
-1.7390804695690841e+125
-2.2724769407233959e+200
1.6417919947918593e+91
-5.2993762263354365e-225
-7.4459340173994562e+53
6.1791421229863171e-17
-4.2999300686123911e+305
2.7828782647296789e-257
7.1135801058374288e-194
-3.0893864791332518e+282
-1.5472383591509835e-117
1.8630559771700513e+109
6.1535471193185442e+35
-7.7743383307501495e-252
1.0817435676838887e+269
-2.3561116027442458e+199
6.5636466611065613e+224
-5.4985804310504504e+229
-1.0305204980239005e+80
-1.5462798129934862e+94
-2.1545595818681799e+111
-0.00011856634644552498
7.32581689044628e-95
-1.4498867977200281e+124
-5.4335963845365624e+30
1.8520640042154795e-127
5.2837207177577137e-255
-6.2684229857175802e-154
5.0572933960978562e-237
4.2121244807904659e-234
-1.6684492776837339e+215
4.8703139153907839e-179
-4.7427998471253474e-144
6.7355221070051609e+258
-5.1521016743863613e+52
-286750.53753211239
-1.940020160034267e-81
5.731828924722064e+280
-3.8163327199544264e+152
-2.2459747495754132e-209
-1.300147798226644e-185
3.5971687001703233e-73
4.3472640927619357e-302
-2.3288084669143319e-304
8.3971440242439272e-190
-2.3243409305353974e-203
2.1818756226782955e-293
1.0160775265319284e+52
-2.7447401584586047e-280
2.5226599999615973e+217
4.3543765613025442e+185
-1.2396531218179933e-76
3.3114152472321438e+236
-1.3132996236748207e+61
1.9050255613677963e-213
-1.0951528449623024e-223
1.0478348855601549e+214
5.2423133149487535e+126
1.8891672704181731e-81
2.0831173516175445e-224
-1.7466634037875906e-157
3.7516563845944937e-245
1.8155234668363192e-24
-1.6337609982322199e-14
1.297690398891124e+203
-3.8625473193864086e+70
-4.7054632253139932e+91
-9.4678599708086916e-203
-1.9995092615500528e+128
3.015301660372501e+251
-1.9966430925328476e-224
4.9479740837112565e-304
5.5624113972087601e-251
-2.4365820688490121e+275
-9.1081838570889691e-259
3.5226666029468817e-301
8.8503557835842005e-115
-1.0088184165847053e+149
2.6908275986657232e-238
-1.9047357212829896e+23
1.9081907536489304e+192
3.2043935005722769e+62
3.7810853661092537e+69
-1.4852293600056932e-176
2.2539642793305906e+69
4.1681677337100481e+298
5.4932510214507843e-82
2.351193515846321e-51
1.1045872339757938e+156
7.1219896647844173e+41
-1.0559624738735941e-202
4.118876934581026e+94
-8.6475411175476178e-84
2.7702938858159655e-292
-6.019348107790062e+192
3.0795070325806449e+249
-2.7439022899808813e-229
6.9490857253422783e+128
5.4577466328414867e-192
1.2403006767518918e+222
-2.4657763042859687e+31
-21240.000062581832
-2.5232806222739071e-222
-7.3940725186024134e-200
-6.858224719926467e-136
1.5938308882062061e-62
9.9501946825278494e-213
4.4991461150061066e+61
-3.2148065956438933e+159
1.065081414909841e-180
-1.5120131755029285e+197
4.9348649472342875e+131
3.5515041710830043e+100
1.7337167205077286e+135
-4.9701959871587105e-260
6.2132723221530371e+175
1.6553211413785517e-117
4.9535246886387308e+111
1.1301461052726539e+138
-1.6146004457240324e-41
4.8544446424666393e+254
7.0998615317074372e-10
1.4127737429139567e-129
-5.0336452336415589e+138
3.0739808381997749e+296
-1.8012782051903035e+133
-4.3757575377183718e+154
-9.851420555779467e-27
-59775314675002.578
-2.2373021660077466e+36
-1.9626175064563241e-39
2.5811265771246918e-89
6.3213527391900681e+128
-4.2219607435513819e+167
1.2373212579208685e+35
-3.068808259324939e-27
-1.1626035627232534e-82
-1.39876814604542e-68
-8.1398931809218788e+153
1.035947372659308e+21
1.1535181281775331e-106
-2.2434829809486462e-93
-2.8789739712281733e+130
-3.3292658278113404e-192
-3.6098456352750152e-63
2.4451932715186008e-214
-3.3564508680087273e-212
1.2196669645991964e-24
-4.9774858927212168e-191
-1.5118012274229992e+155
-1298092.9934809753
2.6355341587859893e-27
4.193098116793833e-226
4.4692285432551376e-259
9.2747521658666629e-258
3.7542434794975518e+270
-1.176252746165691e+190
-2.3204434099555122e+207
1.7924171640603426e-295
-7.5287044561733443e-143
-1.2018641063530139e+250
6.3504155865271976e-247
-2.0864354873759528e-220
3.9826585116631694e+42
6.5362691930369722e+297
-1.57537475741226e+293
1.0922357313488229e+259
2.9723086370756142e-239
5.7598329186050924e-147
3.8721716511611173e+79
1.0269394495276012e-08
-1.2252180655922583e-150
3.7467550213083276e+210
-3.6788980257046952e+130
-1.3535539517274006e-71
2.0077689972591287e+267
1.1381404184052474e-61
3.3975677494766776e-264
1.1833786529662784e-212
2.596366385948745e-118
3.4083343794232546e-88
1.5374320004724047e+101
-9.1463654936147405e+26
1.1323757932912214e-230
4.2371530744857427e+108
-5.475578068046939e+196
-1.8341725103256198e+22
3.2099969050843256e+205
6.8676872213399557e-267
-1.8477648563922342e+81
107128511723.04738
2.41415440875059e+207
-1.5340851041530352e-282
5.214936151677459e-286
4.8316637683782066e+87
8.597256545076966e-12
6.9535012026555519e+210
-1.4110473673076006e+113
2.7911337116977288e+146
-8.2639978593299211e-209
7.4572088358382224e-101
7.0597354103063469e+149
1.0448931746938786e+74
1.10583229356052e-14
-1.3853156392350366e-289
-1.0033818376621069e-46
7.3942696885734257e-07
-2.2844281949827986e+228
6.8170689361697701e+142
-8.61147393546869e+158
4.0722585130801829e+302
1.3859647686469526e-119
-6.6783494874420366e+269
9.8091761117361977e+33
-8.9114799066702388e+120
-5.7574741406393954e+37
1.4683940394143529e+56
2.13310885230832e+188
-2.4037610691062383e+113
1.4766860054142364e-185
3.479989951248214e-174
4.3103104966380284e+227
3.6004187891751672e-16
5.2260139779072639e-139
-7.1912410014043217e+33
4.5522818372381604e-93
1.6283146714772862e-33
1.2344165854287608e-159
-2.8817648948293088e-202
-1.0038815272704739e+175
-2.3180843017436467e+18
-6.6888931744000675e-207
4.328068442334301e-248
-4.8697300238070053e+237
6.9356672542936328e-222
1.304437256366013e+303
1.7781791463645721e+261
1.5086033213943818e+213
2.409703930224405e+78
-6.9077252833516677e-174
-9.2544626599909857e+87
2.9889555866128374e+282
-7.2924556043140065e-25
-4.0897603456949561e+265
6.502967301601722e-62
-2.08226831046361e-289
-2.8373004561541662e+103
-2.233999580013498e+201
2.2950495766853565e+93
7.8585508092378308e-146
2.2808854258775176e+259
-1935975222149.1743
9.8285385592970693e-132
-1.2645001318673927e-141
-9.167116591553979e+306
0.014296981120155091
7.5341529640940648e+153
-8.0500132111728592e+256
-6.0614260606276167e+25
-1.9678071229736422e+265
-2.6554015946961167e+169
4.2734178968222153e-131
-2.7036764845416497e+271
-3.7310973607680434e-129
-1.1515851523824133e-14
-8.9577341209661183e-196
5.6911181629014526e+50
1.9901256235370452e-24
-6.3939597475426777e+285
1.555182761902637e+103
7.1668038052834695e+235
9.3127801502690149e+283
-5.0047813351850393e+24
-3.6857137137981026e+306
8.1718086951674257e-188
-2.8188340782409506e-307
1.0349866856107052e+189
6.4105451172065065e-249
1.0843560837518493e-169
3.8712091813525697e-231
3.986900502988941e+51
-4.0412179963333544e+40
-6.9677392743647497e-167
4.4253713753147367e-63
-6.6775920732910708e+178
8.1861128405113704e-180
-4.3298527356637246e+240
-7.9347152949250062e-109
-4.3751189123103908e-26
6.8385854103822735e+50
3.4444429623636595e-140
1.2395032598201874e-201
-0.005266783377181586
-7.4111302329167961e-170
-1.2791184451923285e+197
-5.9310357891228468e-68
-2.0653959545764906e-145
-2.024585963434135e-162
-5.7381212962133064e-233
3.2138423644781048e-156
7.009739824914558e-77
2.7601110121708865e-241
2.0718468871336772e+145
1.2189239509012386e-160
-1.855964468360422e+157
-5.966072566961582e+216
2.5671178412138964e-188
8.8676641365933322e-303
4.1221012797583839e-44
-1.2858152834816794e-99
5.5690510700316802e-192
-1.3128355835716887e-205
-2.3127533015805485e+235
-2.3876526954513925e+165
-5.0892945708889464e+127
-1.0837778107799988e-239
-4.7007751646117196e-118
-9.4588014790036444e+73
1.2734485434054216e+172
-1.811742062147881e+30
-3.1692422082230534e-289
6639036390759.5938
1.8730599617554776e-123
-9.9743445733494482e-80
2.0276775581262814e+133
1.2935606869720829e+241
8.7455943150139462e+123
-6.8685821003245897e+203
-2.4684794578252787e-52
1.7193067344120449e+121
-3.0475194553280741e-112
2.0547029939044815e+49
1.4083802265550441e+261
-2525205.8554942417
-31529046060894.188
-6.2819458827687186e+80
-4.692955138716191e-219
6.6608246142248469e+292
1.0336929150726031e-296
-2.5980044093805511e+143
1.0196865682976532e+237
-2.0924566541008673e-29
-2909.7414268852317
-2.5046440027211685e-92
-1.1025415012465827e-140
1.6947407431202882e-217
-1.4497981914759285e-46
1.9564830533755909e+263
2.2590978521243844e-194
918900781680.84741
1.4992965636971117e-135
1.0983505579296443e-150
-8.5456847295637119e-41
-2.0628267320583132e-140
2.8097649931551682e-235
2.2444664755153265e+306
2.9958275714671409e+187
2.1435610952527465e-210
2.8572317876562614e+76
-1.5458626389135547e-245
-2.3837676370175793e-259
2.9352056570749844e+245
5.1108308606839567e-284
1.4273473695535028e-231
-2.5125983698820009e-300
1.1656280928841889e-100
-5.4344918832840421e-79
1.1809523874755992e+287
2.1672127484154931e-295
-6.0792921260236069e+88
-4.9871640524753707e+178
5.7868137688695933e-37
1.5390216771722267e-294
3.2941628977437107e+77
3.1707113348347798e-290
-8.2173025554428124e+80
6.7150827285356708e-245
-3.8165645396784221e+267
-2.8530671113777575e+29
2.4927875069209431e-74
2.1362440767400185e-141
1.9770960423157875e+74
3.4084738915705832e-23
2.6422105827232191e+155
1.0042867108991011e-146
-4.9826407198457693e-227
-7.5514369299137186e-112
-1.180571422907444e-204
-3.4051310720345771e+117
-3.40039134989174
4.2509781721997952e-97
-2178805661270.6399
-2.2070400195949271e+210
-3.1750809523530179e-190
6.6069811480913226e+296
-1.7750245987346574e+151
1.3155586057768299e-90
4.8618083805110821e+215
5.5210364794512215e-40
5.4098956454213695e-70
-7.8576731256242056e+269
-8.6338755572389213e-83
-2.5315844948154421e-257
-2.0971370172313394e-214
4.7491309882977894e-142
-1.8924542829493932e-98
7.7907718879027214e+235
-3.5171401598261201e-210
5.3992494250238638e+192
-1.4905505554255649e-95
2.3503239674093842e-163
4.2208743441939911e+142
-4.9738492124333415e-25
-44466170034.2565
4.0542962871209289e+142
2.3438348924880027e-173
4.3254548955768817e-21
-1.2690967106671479e+293
129898.51769737859
-6.5352678353368937e-08
2.8804460761805232e+137
2.4936632782960054e-90
1.8007139887188029e+302
-1.7582140721639139e+249
-2.1838307166571509e+229
-2.1684042697387563e-121
2.2096500624603919e+40
-2.3225729781896922e-36
-3.1219902008678651e+67
-5.9305034518916042e+28
-9.3399832221533205e-147
9.3726452750200959e+21
-1.6310667765570446e-139
-1.4103325509198739e-42
4.8129593301368625e+159
-6.6588658246089095e-302
-1.1087656932365646e+234
1.4914417286917158e-301
4.378305652105107e-181
-6.0881874404354455e+104
1.388592027396461e+244
-1.1144087120493623e-91
-7.2556547648495721e-168
-3.2253508543286259e-193
-1.456560300757288e-122
8.5033690510685489e+99
2.7653761455881883e+57
-5.2185434296372388e+157
1.2905602508937373e+45
-3.4384078882536822e+246
5.1635580603216822e+38
1.121842108032085e-135
8.7567125896903548e+126
1.6071088698937436e+122
3.7863244233325924e+20
6.8222837097066217e-94
6.3795273777531306e+28
-3.556638304643393e-112
4.3826875132814213e-213
-2.0250356197686109e-275
5.5213018092491528e-282
3.573520418601517e+290
7.847898873251664e-70
-1.4596238159491976e+220
-2.2978720037420051e-47
-1.7163867714625333e-223
-2.0678267097265401e-213
4.015633858277364e-304
-7.0637217107985131e+251
6.6910421883443574e-99
1.6083612985352953e+273
-8.8083498613253958e+59
-1.1520713940374388e+134
1.8219588839172817e-274
4.7841498083892191e-113
1.9023904935564561e+260
1.1001845015233565e+172
9.9869541069019933e-46
-2466095682.202179
5.3721257868315025e+122
5.5644615120441095e+278
5.20158168048402e+131
-2.9497518298815737e+237
-1.8515061268385166e-91
-2.0202944468550183e-69
8.0867056101671056e-206
-3.3751345745447238e+274
-1.2818028759802911e-28
1.8467597000682195e-244
-2.687150849121207e+166
1.0124406077858581e-45
-2.8694756389347978e-49
-2.7640626085929118e-249
-4.231717399995761e-46
1.0264150699098887e-60
-1.2116316231337068e-287
4.2718459389879189e-55
2.3062233218737561e+164
-1.3676657451098868e-214
3.1287942832531762e-267
-6.444324864073082e+182
1.6248915345252524e-87
8.4851266397021325e-105
2.8348612775179253e-248
3.0009175070458449e-34
-3.3183468240912374e-107
4.8537236626069479e+222
-1.5703865996443578e-158
2.5248971611646134e+302
3.4695480639131904e+159
4.8748624471348617e+142
-1.1906351981027034e-236
-1.6980939911009447e+279
-2.4685168481715632e+130
3.8289842959758981e+252
-3.7998914123150333e+74
-5.7472267370507425e-260
-3.133974015120797e+58
-7.6897043085166434e+219
-3.9780170091959668e+298
-7.6675701466419613e+166
-1.742115035095337e+65
-6.2064204553510566e+117
-1.2806541402711925e-30
1.9296216643836417e+170
-1.6995890911996083e-166
-3.5087507578245014e-57
-7.9090754277917379e+158
-5.5682017840862892e+235
-9.248628595777784e-257
-2.2232052535422997e-57
-3.9561859865218198e-108
3.6477925634812641e-264
-2.8679522184238552e-249
1.6112675086668611e-276
-4.3274443647237841e+154
3.0969866047358756e+108
5.1769878847664812e-289
2.9052250260329257e+194
1.2465650180190077e+271
-5.6856618532016858e+246
-51.092238205247462
-5.3641444722932812e-292
1447281800.6913104
-1.5957511117400091e+75
5.9539504144207916e+195
-3.2528013991655285e-05
1.8734795683760078e-270
-1.3248199909804714e+64
1.8105871074740613e-35
1.1877239307376343e-299
2.3162190107522289e+123
1.5213882769254215e-279
-1.3181800897057443e+185
-8.3376148919600601e-138
1.2460841980144073e+117
9.3871518350495195e+302
1.3808372589564444e+63
-2.466000614881604e+43
1.6458991836361594e+155
7.2151799204990616e+193
-6.1130816359735811e-280
5.8389334854472442e+207
-1.5193186823587041e+57
-3.0017494065285256e+225
5.2034874580466258e+182
-1.5863894350458861e-59
-6.3420070561942677e+293
-4.0468665059618385e+49
1.6786655195658661e+76
8.8644726474888476e-209
9.7593855472996051e-289
-3.9110575087601417e+184
-3.3464991619600435e+149
1.5603110720917918e+174
-9.562930078264136e-252
-1.8841109125345229e-31
5.0163451597157075e+101
1.446425857789295e-59
1.5826156059692785e-262
4.7774036065025409e+288
-2.6536236965022918e+94
8.1056980593237423e+36
1.9684915141942925e+94
-4.3945663602466459e-196
7.8227992791125541e+242
-2.4563440228584992e+127
-1.4029927846710611e+84
3.9390649249871778e+70
-4.7098062859703787e-269
1.5518626199531002e+52
-2.7876371911988518e-30
-1.8379056564724362e+84
-4.8876254893620663e-253
-1.1732506573176425e+97
-1.0313226191262785e-69
-7.8470824169160484e+78
1.4681173560493311e-172
3045082660995114.5
-1.6590143046011945e+19
-1.1844204280749548e-148
-6.2490616458224046
-0.21873608504948899
2.1093543662660209e+269
1.3008427416043262e+35
-2.5706297901378915e-100
-2.0852516258054721e-08
1.1168226275744996e-276
-2.9087960548376803e+182
8.0747024260219608e-124
-1.9772815597589525e-266
-5.4349435850306458e+47
-1.446249540803826e-197
-6.5851291384528388e-291
1.0167094813979278e-166
4.4744783130111048e+99
9.768391389572115e-39
-1.4774688022390503e-35
-3.6212554144075519e+195
-3.5285680294455805e+231
-4.0042924791169621e-91
0.00031574084082965016
7.0160834135950903e+179
8.2606564874731942e+226
8.1537189945615418e-116
-2.8113861222033586e+180
4.6013784604561804e-194
-1.1342135569780617e-102
7.1547079445099742e-136
2.9246932422020517e+51
-1.8486727352174134e-117
3.853797963403054e+304
-2.1824872545173694e-210
2.9572624004569923e-125
2.8124226379344993e-49
-1.1877533939795792e-184
3.3330944099649898e+138
7.5298602101019034e-308
2.5574098287266618e+94
3.2583073318210667e+146
5.2215231408569566e+208
-2.8396704030294183e-98
2.4036954246969538e-91
-2.5981909168223122e+106
1.5376859343302907e+22
3.5745541359152971e+40
9.8904057924913723e+276
3.5973931695320934e+98
8.8036521162537224e+153
2.3393251904487542e+77
-1.2345496345594718e-153
-2.5686640887308869e+187
-2.1134975959689741e+198
-2.3771446135920863e-172
1.7896456978046694e-286
-1.5593500675492515e-74
1.907416729025006e-261
6.7810510187413099e-77
9.1067025992499628e-33
-2.8245149901958187e+60
7.5545930558178707e+253
1.0449983037764684e+155
1.1233183994922244e+144
-1.1834149996814028e-269
-8.2380695411526539e+34
1.2715803473908337e+292
-4.0964662792041803e-293
-5.9034510157001614e+230
-1.3446009595034781e-274
-3.7276564752956427e+58
3.7304906388811874e+305
-8.6750008072611787e-170
8.1451315484779169e-115
-1.2338369029642938e+173
1.3036691858508318e-108
2.5219103945106677e-26
5.6105640270820433e-154
-2.1193559894137546e-283
52.000322291528022
-7.6393616883220899e+23
-9.9068091524448015e-203
-6.0775882537902658e-15
2.5870693722685415e+210
1.1335369787282738e-140
-1.3536052718012525e-201
-5.683052483400088e+234
-6.8771230170871724e+196
-5.2834008876875327e+285
1.8391080997794356e+115
-7.9943282668716153e-273
1.651459454227458e+120
7.7287972911148646e-159
-3.279287620257876e-233
5.0101426148467528e-229
-3.6203535486212327e+158
-1.3081631593578508e+250
6.554011981680809e+281
-6.6706930644479377e+294
-7.0962108470733147e-279
-7.9435081174801306e-284
1.9227614144415689e+239
-8.6134969750992626e-244
1307.174675246446
1.4993900835001223e+66
5.0439596002916779e-65
-3.9380913329153017e-83
-8.7357588359531746e-187
-5.1018278709032957e-281
0.26645137943979497
-7.5525922919291539e+272
1.4459950486344909e+125
4.2323372621109977e-155
3.0065015164690373e+79
2.0773395875831648e-67
-2.7898462813812881e-112
4.0144244240554353e+205
-2.4076833227104886e+28
1.6371085471536374e-57
2.2954074877147982e+88
-3.2442444546299762e+52
2.7762487226362387e+152
-2.1495863382593212e-254
1.5617821567419564e-242
-1.713446056911828e-75
1.8678765024457531e-279
-2.9618932492713185e-108
-2.5434113555898766e-50
-1.0003342366144597e+299
-5.2378223664471018e+246
7.6980501385212502e-236
2.0025951551042887e-76
7.9370538208583013e-246
-1.2165383798728346e-279
2.8959443284157086e-129
-7.8481096013264003e-186
-2.9326714051298381e+268
-2.284209124154681e-42
-5.6051871234644878e+256
-5.276442404348402e-184
1.5880952267223876e+99
1.9279866820007626e+217
-3.359306326886773e+120
-1.330658497919287e+207
-2.079903016102053e-236
3.7601280675825005e-106
-7.633831895972024e-209
2.8267584572716423e-276
2.1520389919030512e+103
-8.7952666360358147e+198
6.9987856041835704e-279
1.9514631698109626e-227
4.2178322382372462e+55
-4.4527635854988137e-72
8.2134970778831704e+85
1.2199284751702325e-84
2.9622122680308121e-47
-4.5368560026659222e+130
7.9183600391252298e+99
-1.1780037089953523e+36
1.4992487239275973e-249
-2.1500810129488851e+40
-2.8929423379490363e+26
1.6051085590174894e+219
-1.7588609248382122e-134
-6.3753505392212176e+295
2.6036996215549973e+172
-3.4510019844092477e-74
-2.3536152493744837e-233
-9.3605758554323865e+201
-2.4703481991291395e+110
1.7382569794470458e-143
-7.6767318896808877e-209
1.0642961151941844e-74
-1.6136128435356347e-206
2.3805159303788208e+257
-1.7793263465878339e-132
-2.1028367259502353e-213
9.9608376409048959e-120
-1.1772785125271807e-113
-2.2076955765656413e+123
-1.6589848935971067e-251
6.3097594303147114e-123
1.9208298707785429e-189
2.5213261865006223e-36
3.6608052542617097e-137
1.9412690362586679e+63
1.2557360930810924e+144
2.8614446754867805e+281
-1.9661568048357819e+222
-2.2104370738812388e+86
1.0710923034252352e-66
-2.3985199061194874e-250
2.7766648449033765e+172
6.9644657491683379e+228
1.2781139822649522e+37
1.0709582970463526e-198
-1.441202282687187e+79
-2.8923003268156804e-68
1.724123044817378e-90
2.5309854925183853e-305
-3.720663121219908e-227
-3.9532990807235057e-60
-1.0522290345132326e+170
-2.2217742048025447e-82
-3.1974979849850508e-195
1.410593741798424e-304
-2.6723611899604703e-111
2.1004769347635982e+51
2.0662643796387772e+123
8.3254295868177705e+107
-7.6195689721271015e-84
-1.5928564603600128e-162
-1.2389575761920894e+42
-4.0195686508319041e-05
2.363521814889105e-128
-3.7420178453453556e+306
-3.2842602961036094e-175
-9.3646308218700161e+58
-1.1706319372264595e-180
2.6919337898299382e+274
-1.7113090310580794e-206
-8.0630180429327065e-236
-8563764342137.1768
2.2586870013551006e+97
1.3470615987783986e-218
-1.305940596954664e-262
-5.3804772241995402e-05
3.7604917728049361e+299
2.5843070300435309e-230
1.7614283586328003e+56
-6.9972152283256931e-191
-1.3135309894506323e-182
-1.4845626533073958e+84
1.394146094974924e+88
-2.5273914514628892e+160
-6.441351252192473e-168
9.9438153252730453e-56
1.4107266758707285e+220
-1.5881520219050414e-265
3.9096137348949413e-236
-9.865362592130332e+116
2.2485671069903613e-124
1.5859320489386114e-151
1.4781064082175074e+63
-6.632339462984567e+144
-1.6486245262983934e+249
-2.118406452576435e-52
-8.8824949246724326e+92
7.0808899323131295e-70
2.2246956211533018e+93
-3.7399253597790803e+17
-3.4562062382501606e-188
1.7232045915907645e-226
5.9924592896155992e+222
5.6018991123672711e-175
-2.3267763093042765e+293
4.3121747114271204e-222
-1.0554049282093568e+256
-4.891862275973097e+113
-1.0212661112261595e-272
1.2680658487342559e-196
-5.1593871775856095e-212
4.4278076790613814e+235
-8.6146240747763299e-75
-6.4059302992333433e+128
6.0728213615391519e+242
3.6739511624861963e+268
1.0895345595973961e-10
1.6138357939122002e-295
4.435217895474459e-165
1.8264593595996471e-224
3.5731881074834708e+70
-3.5865921107693996e-235
4.6723563509827744e+139
3.9109296637631017e+141
2.1952230042482779e+188
2.461105783642352e-273
7.5843358279839844e+105
-2.5986921897136205e+293
1.7046609770452105e+304
3.6006369958201316e-288
1.9076239234125641e+226
3.2255038078772666e+69
-6.2423256232354318e-199
1.74109265583199e-38
-3.0798154823394197e-218
1.158664515051866e-284
1.3609383748603396e+156
1.3838259638504661e+60
-2.0969272559973857e-88
1.2522292591630874e-304
-1.0804311198913797e+174
-3.3747987359769902e+294
2.4335166969389983e+241
-6.6159361900672529e+131
-7.9880397763217354e-286
1.0038580396689481e-26
-3.0535065854491386e-250
-3.4944639357488588e-50
3.2027076589891132e-22
1.8051747290244296e-158
-1.6627361542147374e-195
-2.9719850421950664e+171
3.4416657353360379e-60
6.5072009545620449e-10
3.2615445742668915e+61
-6.3447574129744116e-246
-5.971463967827685e+44
-5.836410380843871e+292
-4.356835024377458e+97
-7.9221281999454553e+175
1.2301538223678302e+194
2.2384601942089608e-42
1.5291245826668786e-216
-1.4074001314025443e+296
1.140486440512901e+61
1.7542517948039927e+285
-3.2736481980893496e-105
-4.6060165924830601e-08
1.2998577964379541e-262
8.5837115845834478e-275
-2.4289113045858229e+292
1.5701903955210273e+129
-1.4104913761344543e+233
-1.3189910513009302e-225
0.9229311379650641
2.0099812770087631e-188
-2.9159629904974929e+270
2.1286013030014476e+33
7.9387195848464138e+194
4.7058116346885587e+287
1.7040722812339785e+218
3.2352747116530756e-171
3.551201197047474e-225
-2.2136660319445996e-95
9.9079523860543805e-27
2.0464378680138557e+183
3.5373803050821506e+156
3.1040652710238965e-182
7.2120146272057714e+66
-2.8668460434282483e+179
-1.9664062236453079e+161
-1.5217165999618189e+57
-9.7149194352275297e-254
1.7858571804550014e+256
-5.0994356529361694e+24
-1.2689796343376738e+115
6.288333711617305e-247
-7.1384077536758255e-245
-1.5239430916181589e-248
-1.4521544443039661e-39
2.0550532441990966e+23
-7.2675383503258912e+207
2.4086886954455688e-129
-4.1102365632066606e-154
-2.1307103053560563e+18
2.8920976525584642e-261
7.6253263745223789e-273
5.9472269587580929e+129
-7.5312825100393449e+210
-4.8409499235580235e+176
7.7196349483367044e+242
1.4797711032019082e-18
-7.4047203169249159e-301
9.4979911062211852e+251
-2.6248973941491809e+295
-1.1530421730100385e+142
-7.79772186865443e+133
1.6094815216281187e-149
-3.090503903616491e-66
-8.1281671909955823e-60
6.5782812510711553e-96
-2.2823749921488887e+104
-6.4418199220676805e+151
6.0179403003457983e-307
6.4972202647971282e+97
-7.3480369177695129e-279
-1.1027878716056881e+82
2.1114669768911512e+84
5.2849431675362091e-285
-7.596950580134951e-48
1.7237312365564671e-98
6.6931704817601654e-219
7.667081860875755e-265
-80452703320592480
1.1722007801682907e-70
7.7362747433104579e-291
4.0624682312228483e+202
7.6970201424517922e+83
1.682578041980288e+72
6.4205078098968037e+143
-2.1372391942512811e-305
1.1976165277992344e+232
6.3196527447131996e+186
1.1478691652825846e-89
1.7939111477302336e-290
-6.877875397438821e+245
4.3299603690036785e-110
8.5128735470555152e+203
-4.112188478049084e+148
-1.8028556563179989e-146
4.1018906580651606e-170
-9.0740000144372446e-154
-5.2830613045265045e-246
-6.3445051903850661e+77
1.1390361592546785e+88
-1.1252282464088945e+27
-3.2754922373294155e-192
-5.7096903126789287e+288
1.930706134512804e-149
1.7461446744401676e+209
-2.4143365287627298e-273
2.532599910004759e-116
2.6338328606952621e+124
5.615359858824406e+227
2.6942250302148383e+150
6.1048779714589546e-234
-1.0701350517093193e-260
1.8459424309455208e+210
-1.9289471944412095e-79
1.8900399481143254e+223
9.9846176806856218e+67
6.0115891663755883e+90
2.1398029908615451e-302
2.8466625648760122e+182
-5.5291294013473376e+85
-2.0573722738668728e-89
6.8080137427454001e+294
4.0078581758949085e-76
-6.0682361452362405e-08
-2.0940980247122383e+158
1.2250526904785025e+193
6.3905538210842066e-131
4.9686471836821241e+206
7.9648493711709476e+299
42.097390694974877
-2.7915531839874815e+41
-8.3795895494852329e+141
3.0089180608854649e-70
2.8360621756110646e+63
-1.7101552600242888e-38
7.2361723823912504e-246
-3.6547801638944355e-270
-2.4191058200637283e+232
3.2931898459667814e+131
-4.176017465487484e-159
8.43942066429463e+232
-8.9533167811922301e-130
-4.0684107158409753e-153
-5.2131497510324965e+122
-2.3475009808199539e-194
1.1216289594981954e-82
-7.5396319724348667e-35
6.0213868375935471e+153
1.3566003688007278e+236
-5.7481549453520009e+48
5.2283775297856955e-289
8.1807234242587242e-286
9.2250916730371826e+95
6.7321997938655967e-47
-2.4994473925353525e+81
-2.5561960333678946e+184
-1.5319566270075852e+210
5.6966327625128566e-275
2.5417032802276948e-05
-4.1577210115391952e-22
1.8359626905278972e+202
-1.1555016785381831e+145
-4.434247177525563e-266
6.194741727308065e-140
-2.7517203943062167e-151
7.5200465885502713e-160
3.7675300820754967e-241
-8.7873220084071656e+62
6.4614238825730403e-244
1.6022342763848027e-271
-8.3689001656641187e-194
-3.6829322153034846e-14
9.5392417733885483e-60
-2.0764839870226808e+33
-1.1647531873630226e-256
4.9419967862178683e-243
179897.21784643686
4.8587714145104016e+182
9.3132769933995893e+238
-2.7642525886623902e+31
-4.7392094856388214e-146
1.4650099799380892e+91
4.3805305852009487e-81
2.9175288207137507e+244
-9.8289206845605166e+119
1.2281762561648193e+150
1.0707409583036125e-86
-8.087886168839535e+125
1.0906053109981375e-190
-69146695539.759171
-5.9781182471911324e+47
4.2136040789711766e+245
-7.8678071657618777e+300
3.1536713458817312e+285
8.0412896692572609e+96
-1.2842980915864744e-63
2.3554906712434867e+213
2.8010454194015944e+38
-2.2394045559064161e+63
4.9963186734317419e-82
1.0346585970103669e-109
-4.090650971031116e+137
1.7441482840131253e+163
9.870695777494802e+203
-4.1290399978738745e+42
-6.0895361092397186e-222
2.7868442624066417e-43
-7.8513633754467114e+228
-2.1487555428030304e-272
-7942665297.9120131
-7.6424294804436469e-212
2.4296531359079571e+88
-5.627716586315563e+116
-5.2983484498240073e+263
3.9957416241838287e+66
-1258501.3461135379
2.6144691137979064e-138
3.5358085637218224e+46
-3.9937987149485488e+292
0.18822789810611029
7.4635553621409507e+84
3.088457269107711e+303
8.2917679385209412e-159
-8.980919403446291e+297
-5.5220952497871398e-96
-2.9048511049798864e-147
-7.6599710594625305e+112
75.788623431257662
5.4365843024094084e-55
-6.1197229791479141e-142
-1.1011480595430096e+305
3.1652874554948203e-240
-0.47997445757125162
-1.6938168462000529e-45
-2.7571560418886671e+251
-3220035458688.9824
5.3438231413459378e-144
1.2628765130851723e+240
-7.0571526452288384e-159
-3.905852434548652e+225
3.9911074955610964e-293
3.1594931872431042e-18
-1.8552729930353214e+237
-1.1914592710268653e-07
1.0416847701311228e+18
-1.7530297617527373e+53
-1.3166889077009419e-264
5.3304632308684382e-155
1.3312969608047389e+116
-4.6220529197446196e+279
1.0520353148659494e-106
6.6353316095698008e-175
-9.2595797437524992e+175
-1.5025542654083675e-98
9.8270973097715041e-291
-4.5845476697915536e+31
7.2782612634520219e+151
-4.231027693791251e-194
-4.2729872791890703e+71
-1.0075499595246679e+94
4.10829932186861e+160
1.8419059082454828e-70
-1.9318820369815428e+257
-7.4598096714679057e-20
-1.0523196188766434e-127
1.3554869660355488e+127
1.924193305648836e-268
6.1714829976819214e-221
-1.1093692424926787e-200
-2.8313026400841992e-274
-9.7563681825537882e-162
3.938108387095014e-221
1.198928833451356e+136
3.9099113007219166e+232
2.2047374707379706e+96
-1.5648551644841621e-246
-1.523056954261441e-134
1.8638747502667956e-98
-5.7919549174857718e+120
1.4805719390366883e-262
-7.3402687345113724e+45
-4.9431563738907249e+127
5.3993722267914341e+295
-2.3162655123182915e+255
9.7825200133807969e-85
-2.9000081404085903e+100
3.3684188111973996e+286
-4.075574234774581e-48
-5.5327745909380769e+213
1.5484429327355781e+299
-31829587.208732363
-1.4680689088408288e-170
-9.5310182284985397e+123
-243523356.00442764
2.4557502174367526e+302
-3.4759180173577804e-267
-9.0304946407011426e-183
7.957388738034553e+94
-2.4179995793208754e-214
1.6151484803981913e-76
2.3889484473300827e-05
-9.3593146792821035e-71
-7.2424281660204052e-51
2.7339716954940062e+112
2.2833723801653776e-97
5.8104071126566692e-232
-4.6437310041973968e+118
1.1478326497222203e-299
-8.1120242864749355e+45
-1.5062083060560845e-93
-5.0020333377369148e+199
-1.0111215979949761e-293
-1.3496242535487302e+48
1.7949785829297158e+75
-1863583248.93926
-3.9681413496552747e-113
4.3240198505217539e+77
-2.3570973560618689e-213
-3.4101225113376034e-28
1.1054237400117736e-44
7.8065033660262746e+91
1.3442675350937543e-242
3.0877546162075265e+293
-5.7584990155623687e+146
3.2502688375661259e+255
2.3341947099026193e+196
-7.6471010980962844e+164
-7.8607085744285405e+88
1.1457594677372665e-195
-4.097316509823279e-05
1.8257879681381691e+293
2.7844879916153839e-245
-1.2045484810674648e+54
1.1776283498987818e+154
-5.0904184888442201e+264
1.7270537632450718e-96
-1.3738080730016969e+101
-2.426774308968776e-238
4.5111180688102579e-188
-2.4710320686581778e-129
-9.726579903187602e-43
-3.958424407476336e-264
182788773.02425036
-3.959141277237995e-221
-4.6467716087339765e+111
-5.8318724905908006e+44
-2.3549885121669437e-73
-37007793323474.328
1.1889325084412463e-77
-7.7940203133516312e-08
0.77789772737851504
5.0628536482986781e-167
1.757362458596056e-263
5.3020715272787263e+190
-3.2833758118407251e+172
-1.3642131557376974e-214
9.1186359346653752e-191
1.0876052940184911e+220
1.2498420611249869e+203
1.7173590738218082e+110
-2.1548006120529494e-99
-1.3677032180192808e-21
-4.6211135754220718e+270
-3.9806169204777667e-260
-1.3366271435742886e+200
-1.6989560653781555e-06
-2.6072356986778808e+249
-5.1443922319071198e-10
6.6588749581695219e-158
-3.6516471732424782e+167
8.8077686430143397e-07
-6.4823130007068599e+103
5.1765855844654525e+231
-4.439798167768032e-175
7.963596553893005e+205
-2.1098309109547988e-191
1.0948426807719746e-08
4.0384701368929049e-237
-1.0469925978162748e-203
-8.8425591786666798e+212
4.2794135322599787e-57
-20500355353060.062
3.8442450354651063e+209
-2.3173718436030103e+140
-3.358586566931034e-283
-4.4343275058883179e-160
-4.8152196177226093e-306
-2.9360685679330122e+85
4.8866920031301464e-10
-7.2833877149594398e+193
-3.0401897291599282e-48
-26638.983993532129
8.2957926103780795e+204
-8.0586453465371822e-105
-7.4659775244847997e-249
3.6983447683955963e-52
8.4279513214201017e-89
2.4613979739340335e+130
-7.7844281751965521e+105
1.3530065843402948e+268
1.1937819494062356e-206
-2.6233595484194474e-129
-1.2600057266014492e+129
5.961673125940071e+228
1.5354108488468853e-266
-6.0872575870512238e-171
-2.6147030649116323e-120
3.9338103112099203e+177
-1.9084478488841715e+208
8.2356053787425872e-78
-4.2029118528124714e-232
6.5862265952165217e+282
-5.6082931586818392e-93
-9.7079577944481053e+74
-7.7191252012317861e+120
-3.4630698185632698e+134
1.0768844440209456e+151
-3.7903663718554069e+296
-7.9404654474816018e-155
1.8297420997652798e-53
9.9420424306608784e-74
-3.2568500517846596e+247
-1.4738802202050558e-283
5.3889152067716629e+138
-1.4703836465745634e-293
-3.4986451705653638e-15
-1.2460421281385603e-18
-2.0394446584982916e+180
7.3074298207368272e+64
1.6617186506969335e+306
4.1581517280563317e+283
3.6991868808016085e+152
-0.76930111668324652
88321.925101477173
-5.0076402371891469e-247
-9.9127689362352601e+235
1.5153378253365984e+58
1.3832158391799847e+66
5.2657543317107411e+234
2.5741634688240082e-174
-1.8525486900225539e-54
-450.68400383847285
-2.3112878422321974e-29
2.2614977261622907e+235
1.1808131891928881e-34
-2.3664183110525645e-49
2.4837506941420385e+33
3.6953545073668528e+284
-7.5179424285855872e-114
1.2676991426815982e-92
3.0564889566052799e+279
1.4245809969557616e-216
-6.4936428941422577e+70
1.3072157140652188e+101
2.6095591797360911e-68
-708848940308370
2.6430918036901206e-231
-5.6441996844541953e+264
7.523268452487206e+20
3.6643678010000322e-122
-1.680949848152374e-189
4.4057441622983961e-54
6.2310249321906167e-43
-2.1214723040871156e+73
1.8136059275531497e+280
-1.1376952266195168e-121
5.2521781008267504e+85
3.0837224654901934e+249
1.5369908762709611e+162
3.3549292762578715e+153
1.207055384291938e-211
-3.0859192812139642e-265
1.9832918191803655e+107
-2.4576597551557346e-166
2.0136021069040493e+25
-9.711563432745299e+33
-1.7700511678934103e+276
3.2079491902926392e-29
4.415973211980273e+176
-925226.29418710759
6.6167519641762519e+91
-7.5306493169824842e-176
-4.7937613179080951e-08
-8.6669377100169172e+298
-2.8517777644080734e+291
-9.3681833996126724e-179
-2.3566918595167182e+294
-4.1599237502805676e-222
-4.3507861168422236e+304
-2.3302828926883086e-287
2.5487820596212472e-230
-8.0800095531862142e-124
2.2913532569870315e-175
9.46452267638623e-277
-5.9257724424768961e-18
8.956752967910086e-181
-1.5741150297642338e-109
7.1425406403544408e+67
6.3309506811813859e+202
-6.8689163098958788e+287
-39844018070300600
2.4392882129886626e+79
4.1731740620520439e+191
-4.7235573864672877e-160
-3.3724380685192796e+266
3.3877153497037328e-203
1.130315721622876e+297
2.5307501367198492e-285
1.0869071415033916e+215
-2.2336821095002128e-181
34.69674788239282
5.2610703471953423e-165
-2.227893015366412e+42
-3.5135634441984131e-293
2.8734962332601084e+54
-3.3558649321903001e+93
-2.9166986565713859e-26
1.0494716172295902e-14
-4.6220601713057019e+282
-9.184001032949962e+165
1.557170090798528e-25
3.4484284055501812e-101
7.2361362091705301e-154
-1.2357085939199481e-98
2.067745101783526e+106
-109658.24816821408
-3.2752410931094738e+271
82809430.030675188
-6.6028671195302125e-80
-1.3030737063121808e+234
2.4665743853675576e+197
5.2609077352807495e-19
-2.2499737090980022e-45
4.599251794310913e+127
-1.1578020068785126e-264
-2.6815530874977427e-238
6.3653929107810561e-58
2.8616742109761023e-205
-4.0436848642109802e+275
4.5467395584497595e+20
-9.1870374565982492e-233
-7.1191608080315988e+254
2.7559335201410032e-50
-5.9617135842432375e+21
-2.9225960880402306e-156
4.2927537953149613e+77
6.6166347540183427e-49
-7.1579304367707369e+244
-2.6584499207955602e-47
9.0624078131954501e-20
1.2451677763214618e-08
7.0854441095957786e-236
2.1822914448474389e+195
7.1456395181769522e-260
5.0405238586536517e+219
-8.4980163275169024e-47
-3.9940951968011554e-139
-3.7323169030276567e-50
2.7707574213839825e+33
4.2492912761573525e+80
-6.9777223571565449e-175
-5.7928353422115239e-15
-1.4976191981190061e+144
-2.8821882396751995e+235
-6.4796336882698475e-192
1.1963477248429926e+215
-3.9037241586504279e+112
-1.0886374488222098e+176
3.94737967548875e+263
1.8900732155573705e-165
-32665.325490797983
-5.1534112350351972e+51
7.2206363209856691e-257
1.200682571988489e-39
1.4226685021454914e+48
-2.4887459070501668e+272
1.682772020784955e-296
-4.8944077315495232e-225
-2.206331643745252e+55
-2.6440035697043765e-301
31.295788699531681
5.9226448611173982e+253
5.9376096872744542e+98
6.3954566303603492e-173
3.1566693739580354e-79
-1.4671207383414253e+277
4.8238429382595981e+262
4.8661415720323905e+195
-11265853746.074549
3.4311612147708643e-11
5.4923857632744572e+283
5.1413910028709592e+138
-1.9639571840655192e+123
3.711640572104036e+50
-3.0229693793570637e+224
-9.0499261779165691e+296
-2.1759189273172175e-53
-3.757442546981217e+121
-4.1352558856188298e+261
-2.3697512961590002e-60
-6.4556500264131582e-210
1.4117260211122697e+178
1.9892035497507396e-296
3.6585704272210552e+258
-4.1106659540573463e-122
-5.1579273094770464e+135
1.4917453129779548e-52
-2.7923125352842326e+166
-6.4156009510670958e+272
-2.042556521068728e+240
1.7646175934420813e-95
1.6049668160163021e-152
-1.8753486253750945e+230
4.5029756573233624e-222
-5.7483068711690557e-91
5.9453653877851585e+221
3.5926682941401266e+263
-1.8206421600918898e-218
4.2454420617994316e+151
2.1660328834654451e+189
-1.2048596181112655e+262
-2.9136464115806211e-274
53201231747519.055
1.4819044573053879e+23
5.6571940110752733e-195
1.631463887282048e+177
-1.0774698469244514e-91
-1.0820436768818544e+177
2.3106491890116131e-267
-5.6056835610598893e+97
-1.8743441996089968e+67
1.1835628237835452e-122
-3.6063476771726446e-255
-7.5007976900525413e+133
-7.5690609751958418e-280
-7.0603047131637997e-06
3.1179489169171474e+105
-3.982815002537637e-140
-3.5638081074261849e+217
3.3374306717758821e+287
3.0141238526728495e+23
-3.4775426341372546e-256
-1.4141202680834024e-87
-1.2641769695789892e-179
-4.7938751505987421e+160
2.9637894439256233e-127
-5.8983552950869254e-265
2.1780630997251165e+197
-2.1666616376401663e+158
-1.1074758307875538e+94
6.9670802396105078e+111
-8.1693153084967497e-178
6.4388653122320588e-191
-1.2443762410613736e-90
3.4329756747731082e-121
-2.5332592643740162e+169
-2.0455015125313527e-86
1.8570545312068033e+144
1.7703941660423227e-50
1.7747073243239327e-307
7781553421.1668968
3.4689097595866613e+168
-1.3762792598630491e+96
8.6445616675936305e-30
5.2629922752002509e-210
1.1224558811400554e-141
-2.550667454331892e-200
2.4687131675808147e-103
-1.7374579067523078e-64
6.9798866509080235e+72
8.4269993925316353e+217
1.7196869100003429e-35
1.5701931270267102e+266
9.0858181600104042e+67
-1.0229618210740816e-35
991217459637235
7.8136289853350959e+80
-2.049954150676868e+291
2.1404936069040018e-193
3.41964788940118e-96
1.5661650859614058e+150
5.6467193404755946e+101
-1.3232553561798116e+276
-6.2864823251972322e-173
-1.8743669968487952e-45
-6.1554624948931532e+72
3.8659143455903004e-30
-1.7628753786133589e+36
-1.6478631075739714e+235
9.4723264400003889e+171
2.1442660884267983e+138
8.0509326662499529e+264
-3.5942245328981356e-111
2.329124961814935e-288
4.9478059906332037e-290
-5.015730698614711e-278
7.0167668148075802e-208
-1.5012968396007142e+58
2.0494195305223421e-45
8.468618151114182e+93
-1.3765721533817184e-25
5.8806680792648087e-116
-1.8655338495497955e-77
-1.2033565623722647e-79
-2.9196850071429481e-157
-3.3974784302261937e-205
3.0232152874420781e-298
-2.9371466871581933e+38
-9.5814938350663099e+254
6.9440350158650508e-182
3.4522042869281496e+291
-7.1193208913042438e-257
5.9434598328249562e+17
-1.1914401340275291e-24
4.4816423112928732e-172
3.6121002271887812e+291
1.338651182687953e-276
-4.1685075506101709e+225
-2.3512105918898673e+259
2.0750874246650747e-165
-7.7165193347006878e-54
-1.0319991125312464e+95
-1.160059056100884e-155
3.4619240130682349e+189
1.708099910905612e-243
-1.5928076235517174e-40
-3.6941407760529187e+304
-6.4081740695157146e+137
5.3214266982519959e+84
-5.6912433963479952e-92
-3.6008253024065705e-292
34040810935290.527
1.0620512978890186e+107
3.1950326227923075e-142
1.1307170365433755e+284
-1.8821760886011365e+55
50784575.416333035
2.7825078643440799e+144
-2.1081611185093886e+77
-4.7446592109096251e+27
-1758.143371187379
-2.845205477144265e-236
8.5300728287702228e+104
6.649012985738683e+148
1.1041485250660477e-229
-9.8079128462184195e+175
7.9141342207919826e+27
-9.7464704570583287e-286
-24.462271326298033
-2.5975835506210774e+101
-4.6521585295409782e+273
-1.7870275876989781e+123
-1.4062401340130688e-144
-5.0568780797218923e-139
4.9477601444600487e-79
4.6613375484630067e-247
7.2616146772949822e-167
4.4269233017863427e+83
1.8970912842278184e+70
6.3733498319048407e-219
-1.9722204610322256e+149
-8.7632615994347677e+223
-2.4724374258174733e+281
-4.9344028083973169e+23
1.56513550708977e-192
-9.3709171994043957e-188
1.0478508412385399e+148
8.8396416415839195e-260
2.1589720773340771e+111
6.4789962124035615e+132
7.2425455213562216e-271
-2.2215154113761426e+114
-1.1890672885483788e-294
1.1781900236487439e+129
2.5251477043692148e-240
2.1122812035724607e+154
1.5224927277283573e-160
-5.8676598208517479e+233
-1.1730483953232405e+202
-9.0100927219591894e-300
-2.5874952473493953e+204
5.5018390421944608e-137
5.3787956582534702e+176
7.5212826107338721e-158
3.0974113117043062e+116
-3.3710367521034181e+100
-2.1774078653741958e-257
-2.3322022764640313e+145
-8.6603431972313463e+72
-6.734903018196386e+48
-9.6726107525185795e-126
2.5820760078522186e-201
8.4457062023208585e-296
1.1339575083149591e-247
1.6691986619549744e-88
-1.272621022348401e+216
-1.069190423201281e-146
-4.6155222131279663e-201
5.5973073749376948e-194
-3.0446220731827869e-58
-4.8082938931051095e-279
-2.3243616105703585e+32
1.3864031193771825e-55
-1.5474365743434066e+180
5.1473115921065136e-185
-6.8767960718605366e+261
-9.098158138156667e-61
-1.6849261747390895e-89
1.2745447664011851e+61
9.0938573304699069e+220
-28638094529824.566
-1.4429586581951479e+91
1.8995433531666311e+62
-2.0914530136654742e+138
3.3902946378992777e+29
2.0799473406174977e-169
1.0908617310044435e-276
7.2983487139892939e+305
-9.3483115275629544e+257
1.6982728964339831e+218
-2.0760907160024915e-251
-8.9007162782605893e-178
1.8356943915583036e+36
-1.8953539883345142e-62
-4.2810538707226251e+133
1.1127950180748632e-256
-8.5852481013259888e-239
1.6605501566878491e-134
-5.8326447220023142e+141
-1.1641598989049929e+299
-2.26769147089789e-156
-1.186249946720527e+217
-7.9425398846990606e+232
-9.8404551692203968e-267
-2.029646976580651e-13
5.8790668173859638e+246
-7.9835044399502151e+185
-9.5016915332346381e+86
-1.1622795934410305e-107
-2.7547181069708921e+176
-1.1616130984226965e+177
7.7919013868217194e-223
5.8845990194565614
4.8696534220136747e-166
1.7076757095715265e+39
-1.612986202949147e+75
4.4133722888807625e+117
2.4166143832019906e+213
1.2903344070815686e-238
-5.9771938410800021e+41
-8.7142352654713892e-252
9.3127958627323181e+182
-1.5001836900429591e+151
8.2862456507487139e+34
1.5944588121508452e+43
3.4775174618234719e-196
-0.0069420567022917138
-1.1164007738452851e-206
2.8253210546735688e-63
-2.1886214561748286e-55
-2.605963098150592e+158
-4.1928885350384909e-238
2.5932206494649585e+269
1.4628287559461102e-204
3.5286186552255873e-71
9.8138664536733993e-194
-9.6712665851243539e+222
-3.2504980448240477e-286
-2.3694525168009932e-165
-3.6415519340127012e-204
5.6017373598863989e-145
1.2668310824177495e-70
-1.0601386346383823e+232
-6.6175873432094601e+72
-1.3151676767149145e-121
8.3218105361067623e-190
7.9899084041316442e-216
-5.1066606440628935e-297
-6.8298472324593832e-246
6.3744798422007772e+190
4.845653077987929e-88
-1.7437052874274058e+218
-2.5552168611994162e-239
-1.3542894004088681e-66
-1.0028520786837721e-194
-6.3508336626138975e+151
7.0669406011382163e+275
-1.3394804269246164e+232
8.1808266222064301e+216
-2.2444458462048258e+116
-6.4438839092521762e+27
-9.4354669812699897e-146
-2.9415069460608364e+290
-3.660512138531607e+156
4.0961697553202486e-278
2.2143065779138244e+132
8.2456987367378607e+158
3.1221834613011086e-296
-0.0044055297591719424
1.2937042539879856e-266
-1.5005887437433926e+272
-8.4484005315424077e+117
6.8219543957662693e+118
-4.6055046828805255e+275
-2.5938039622189722e-211
-4.7052119090534599e+180
5.5276538620372052e-275
1.9346241331160498e-274
1.4130282946539661e-275
1.0643692218458161e+258
4.3884272705507994e+53
-6.7452335366053613e+192
-7.0038262826908697e+48
1.0656589288980829e+83
3.0195569851327361e-294
6.4658229102308539e-05
3.442204251565832
6.1090843021704782e+267
-2.7161144683820862e+278
6.0793802236587069e+159
-2.1999837335699841e+160
-1.4329201674955215e+288
-2.2118482961213585e-162
-3.1705383304902667e+74
-1.7031099924107265e+281
-8.5645011513056742e+25
6.4631380604537868e+239
-8.9896388829296819e+51
2.1534436636200756e-138
8.4353341139206099e-225
5.2284744906396441e+205
8.0029414459387251e-109
-1.0025646677840358e-157
-4.2591379616380901e-256
-3.1121080895135414e-84
-4.3236806301619044e-19
-9.0511167215159625e+128
5.7025222404031012e+200
2.7089968264669859e-114
-4.1854537412475956e-178
-2.4096743805335984e-227
8.4104442411479731e+83
-2.9110640472217475e-15
3.8901843959325666e+52
1.1659462740804488e-281
1.3086320476355123e+128
-1.5077894230211498e+198
-1.3725090866023127e+143
1.1301751132845088e+207
-1.6631921287580275e+74
2.6433441260388861e-281
2.7388281295472273e-208
1.8553621310290709e+203
1.5625579791784599e+246
-5.4221620525849038e-105
2.5857773384167373e-31
4.3741147028305685e-260
-2.4993672879542642e-226
-2.5764706745426279e+21
-1.8664003517078374e+90
-1.7239655775083759e-290
3.3583994437321505e-180
8.3393291865705584e-261
1.5031642022330142e-81
-4.8274979799815294e+131
2.2168347018321096e-26
-6.0683691683238955e+90
1.5348401068988414e-304
-3.5642062299783135e-88
-1.0574993750543698e+33
1.5098259291778586e-223
-1.1360015237117059e-105
9.1133898576881157e+247
-3.1159302774434961e-96
-1.131652490588185e+70
-6.2738926417752176e-53
-4.7123520697164653e+271
-2.322293745346373e-179
2.9840114894699546e-214
1.0686562612883808e-32
-1.5655377364239154e+175
0.00036949442175702833
-9.2308824373794861e-166
-4.026045382741232e+161
2.1352453582038817e-220
-9669894214.1490822
-2.0709280062919153e+112
1.0928755356609026e+282
2.1945876478378071e-195
-2.6055001746385539e-125
2.0734706555164053e-201
-9.5055576423480991e+145
-1.3223683464072975e-304
2.2195268652150255e-71
91.103347655866855
-8.3008478818068418e+62
2.3008280004588231e-169
-1.1057426375880082e+67
-1.7152093581237268e+41
-6.3917453706844858e-306
-2.7901166860685474e+287
-3.0862507378662308e-56
6.6563493271667083e-133
-6.9994957678438118e+118
-4.1401000943285328e-131
-5.8579549249515228e+289
-7.2815883700678739e+277
4.6785943012667588e+85
-1.1421309724927244e-83
-1.271368723765094e+126
1.4979443023428617e-08
2.259860650493197e-21
-7.3214371254480919e+205
2.8150524556475558e+57
-1.3230645932349796e-220
-7.0719465708027562e+103
1.4787935960218851e-286
-7.2217378398762548e-99
-8.9790212058936973e-251
7.7496462619204284e+229
-2.5252732018133216e+264
3.5660533045013376
-5.9272103885382105e-192
3.3824772808580741e+254
2.8736375638404257e-108
3.2596473510165146e+37
5.2023351111113923e-245
2.1826708513141051e+109
-4.1520858458491977e+217
6.7433975197883048e+150
-2779808264989508.5
8.1272037685676967e+195
-1.3250711127147194e-59
-1.2578903627973099e+222
-3.1962925596655264e+203
-1.074189482340772e-262
8.9583325157012832e-253
-7.6958326036037127e+282
1.2912751226004185e-249
1.787447585168522e-268
-4.1207838719255848e-76
-6.301083998338922e+69
3.8760902050170763e+175
-1.8089609114476478e+200
-9.2669475424086789e-243
1.0115012587851072e-08
-1.7064634737590439e-196
4.4529692581958175e-48
4.8138582759227978e-169
6.1459580400128648e-49
2437056739255811.5
1.9844774905873204e+203
-5.1535649247249019e+194
6.7853772584709523e-125
4.9482144060287411e+123
1.2357562589120445e+35
1.884549662567885e+147
-1.1063450341566092e-277
2.2582009252567422e-173
-1.4389638927354551e-64
8.915412497556832e-264
2.3499381607516917e+245
-1.0662292413350029e-271
-4.3686041693551161e-213
-81505251933247.047
7.4018393460067721e+55
-2.168295511288596e+238
-5.2595218440544654e-69
-3.7342634507811744e-215
-3.128475936331817e-202
-5.7779868561650836e-232
-0.51002938184739488
5.5413060817546674e-132
4.5647346376985146e+235
3.8737908269714997e+273
-2.4784542356086929e+224
2.0689366745223136e-168
2.1977246257378535e-284
2.338691741984864e+20
2.3361985218824376e-176
1.1200076407143872e-289
-3.6250749406136874e+182
1.4203499932479862e+175
-1.0351520661633904e-55
1.0378876252029183e-259
1.4906355952076211e-152
2.0881380713805034e-16
-3.2834384502136426e-269
-8.9669734198875721e-304
-3.5910325203485126e-177
-2.6453145509154638e-53
-4.6604614475367198e-201
-1.0192356948790341e-125
-1.1828818390860071e-237
-8.559339302114305e+180
-4.5382423202888142e+116
3.4352919330293663e-189
-6.2638259892403587e-204
-2.0388596367357549e-170
-1.5032872502124294e+235
-35336531400.5121
-9.4900259428755017e+210
2.2632172837109638e-40
-4.4056220125703445e-194
2.2751528199653723e+106
5.0069742432382858e-172
-3.822545932682794e-185
6.5930498010262283e-219
3.6202830496532589e+129
-8.5534804310166057e+177
3.1446682215742624e-144
3.7455669664161573e+241
1.0756457708163375e-55
7.8962273529048682e+219
-3.2128265082601274e-257
-3.0260735510865259e-107
-1.0269184893197743e-78
1.1027549873436187e+243
-1.0008580524733365e-106
-1.4733279242939011e-176
2.6761696757190574e-268
1.2676004291930258e-107
2.4827030111073336e-102
-7.2236846542411663e-191
-1.5286373818961185e-235
-1.1459118189460926e+63
1.9473784442258672e+34
1.4869133887650513e+217
3.4557206133252343e+252
-9.928559572067707e+306
2.2846250136708996e+74
-8.7572081657124303e-227
-1.1387121345500369e-23
-3.0625608139449568e-83
6.2465583191788438e-249
-8.2718996214927941e+123
-3.0104642079652341e+262
-1.6077616745379686e+243
-4.3611609497009062e+164
1.7384107074727447e+126
8.4121158932839228e-273
-1.6724245833383214e-217
1.5561262632353944e-166
5.361792398294251e+265
-9.7636956586413843e-166
2.2722505911942152e+163
-3.9085314866240548e+177
4.7481791431280082e-244
-8.0706866827360397e+277
1.3014629819451924e+183
-1.277622301140559e-11
1.0025365114556015e+57
-1.3128624770555113e-285
2.8412303459662609e-234
-1.0517827626624426e-137
1.8772061622803489e+286
-1.2265502235710614e-101
3.3933067087484865e-223
-1.2454182160162747e-52
1.9339690977122465e-295
1.421286200354165e+17
-3.8704499285312748e-196
-1.9916886373492141e+250
3.4820980388961606e+126
4.7695120046502867e-261
3.1541306724903025e-09
2.3533385732731827e+122
-1.0530759313901816e+153
-9.360898836213263e-39
7.1406341301947606e-69
1.2613807489396449e+116
1.0166094770986462e+243
9.9193112044209826e+137
1.1658033323838032e+88
-1.765031087177866e-251
-3.7974164470884562e+157
-9.7605798364402346e+210
-1.3498760765767726e-275
8.2079428850191134e-140
5.8161416401994912e-156
3.3734829184542352e+108
-5.1684695324034929e-53
7.6481108991190802e+253
2.926927521295261e-197
-5.5473181864733992e-117
-6.8197753855197453e-268
1.0677572410542773e-125
1.5038365875948652e-217
-1.367827881691762e-306
1.2651504698054785e-152
-6.5496736926229128e-11
1.6841209884668686e-204
-2.2276992648086433e+179
-2.478810746418209e-267
-0.13044887791031365
1.1951690548128126e+109
-1.2656346843479843e-44
-2.0155912252094901e-154
-3.2145019176860451e+72
-4.5620627943347522e+31
1.1140054093261105e+126
9.1537257624961821e+139
-3.7163720020845082e+235
-4.2203348948637808e-269
-4.8716381199914898e-32
-1.4043214722048136e+21
6.1224551819367932e-218
2.0083492515042424e+126
-2.6954368398814588e+53
9.4739546265113754e+222
-1.3599284135247432e+185
7.6278782276803381e-184
1.1527988962719137e+293
-6.5819233338639862e-96
5.1088172687177819e-36
6.3879252048677699e+147
-1.7942627526423918e+199
3.4480679152250296e+176
1.8541869136147701e-157
-1.7727120703808098e-250
-3.303388958420468e-33
-2.2225822443343335e-60
-1.8406990830430625e+258
1.4615675791772293e-181
-3.9479069294840963e-23
-1.2819551562835543e+120
-8.2726146633896932e-225
-2.3977103017295554e-279
-5.7096548307985525e-123
-1.9926760780124885e+188
-4.1215448186445209e+142
5.4890775389199918e+157
5.8466412329588194e-37
2.7976037354761983e+92
-1.179442395339935e-180
3.0121565851360195e+204
-2.389880379315887e+103
3.6370701884923165e-63
-4.0677447173459011e+184
1.5002789639947623e-115
-2.8465160013273822e-238
-2.1320020315346069e+161
-9.3658593445673615e+170
1.3573670102169176e-128
489547.33983504819
-2.3439479413451596e-144
7.2335007157772109e+41
-5.145912042492697e+137
9.8616132323258948e-254
5.4733558431787014e-16
1.6375448880847016e+171
-1.9436275652127963e-51
1.5729877408149396e-163
-6.0045670071075529e-299
1.747981808011326e+112
1.6885692261508713e+71
3.5417904302760162e-122
15214.637127579608
2.9118487674922455e-279
2.183380059028901e-165
-4.5027491023905196e-166
-9.2692766606611443e-92
3.0904295977065061e-194
6.4944167570092151e+130
2.0727591455336458e+260
1.1017218914654537e+251
9.1685082269037372e-244
1.1049788977161196e-72
7.1118033251222643e+213
7.9787883542218841e-198
-1.0715106526894959e-181
-3.5971984215411392e-155
-4.8681453134857568e-133
-1.1381767361718158e-104
-3.5001400790272837e-299
-5.7271303786126078e+71
-9.4666583819519484e-67
-2.7384751519685982e-79
-1.4392316075453961e+105
5.0582443960349453e-284
-1.1361011961429503e-194
3.0691726678914249e+22
-1.6739167226205307e+162
1.659469300125874e+251
-7.4986268554750087e+115
3.0140933744827669e+197
2.1622351083686769e-189
8.7567150964508118e+241
-2.9503085320613987e+139
1.80453456451084e+289
-1.0403547953772781e+107
2.7697600508497216e+225
1.5969417072966827e-169
2.8429751729705791e+187
-8.5001799797574979e+285
-3.1981046811168132e-119
-1.5493502543131553e+109
9.510842903904457e-198
1.452021330686106e-144
-1.5522437698585393e-131
48973016679500632
-9.8600540989355679e+116
-1.2270663936009499e-86
-1.7999167945010061e-202
2.9264529610624439e+75
1.1390256083158029e+111
2.5894925976929843e-181
3.0196033919011671e-203
5.3952532380956277e-114
-1892613.2182508307
2.4743044011532784e+66
-4.2976546966265934e-55
-7.0958504901857636e+113
-8.3564003248411396e-81
-1.2146977927388201e+272
-2.9163601299128711e+212
6.0798332614823783e-258
1.7014557650692028e+59
-1.2031007627483182e-272
-2.8214274944891326e+151
-4.485951373425634e+64
9.8859965708134061e+27
20625520.322442923
-1.4826752489699462e-202
-5.647574919408682e+130
-1.4787135850032668e+193
-2.1411423631540456e+220
3.6091458138592547e-147
4.1634826084185048e-276
2.0161590047291862e-261
4.8192841093232368e+181
-103009523055226.05
-4.4997346563167853e-226
1.6227937441074969e+127
-3.4835930216239087e+159
-1.0994724506017264e+30
0.00013408005798935341
1.2066518511190213e+258
-7.8076202668835111e+109
-4.7024462206094432e+306
6.5399622673893237e-161
-1.9130685727439562e-17
1.8972202567660448e-111
-3.1255555513693318e-60
-8.8629992410235819e-292
4.2132988711687135e+108
-6.5030939090430827e-42
6.3321503437366108e-22
-1.1001593068149933e+167
-7.6584507735428184e+269
2.7774536865514483e+49
2.3129729614979445e+19
8.4684565874952021e-281
4.3191027770144666e+37
5.6781016905598421e-204
1.3411387116469975e-96
9.5672647805132494e-307
2.6001074523029864e-56
3.7252556556235739e-267
1.0985196546671331e-228
8.5894897137811245e-186
2.3636871610553826e+267
-1.7059828434513649e-87
-6.6493350248808549e-32
5.45321264476407e+153
-1.0894624379717857e-119
4.6757326304129954e+219
0.0034674049965813425
2.977470773855798e+197
1669971088.1204298
2.5650354289433822e+155
-4.0464973652601662e-71
1.9088563341305188e+190
7.5690828829469124e+67
-4.0940758254819134e+127
-2.02775420881242e-128
9.2145190686729786e-259
2.3710931280961787e-210
2.0136512300983821e-218
4.9328918095236964e-251
4.9232332151098624e+118
-3.3373569144964088e-278
1.0026640370884925e+53
8.3783766898408469e+139
-1.2969124368335633e+124
-5.3318158908515436e+226
-1.7116229381846337e+269
4.5399084985624358e+108
-2.4443436505029422e+113
6.3429356320512699e+190
1.949778376096455e+93
-2.9638162122924368e+209
-1.943866370374547e-150
3.2072515989268795e-87
-7.0788489135861463e+230
2.342984659322899e+123
-1.1084253100858683e+294
-3.594595406012577e+105
-1.0395199400862958e-206
-2.0893011031888874e+17
5.0118264929141953e-128
1.0566235302388015e-49
4.7488247400297912e-269
-7.7127597180696941e+226
-3.9910662619776538e+86
-4.696521363890199e-307
4.9772320622748174e+164
-2.1430715292342503e+21
-1.150225062500421e-268
-1.9902849470772625e+114
-1.0559378182194792e-254
-1.9802546655783397e-77
1.8094425701971072e-122
-3.1634979225307281e+226
2.8453650085956717e+32
2.7327153199030963e-213
-1.3216609413916454e+201
-1.166304109920718e-57
-0.19634975359197593
8.0666113539621997e-83
9.2817333864955359e+235
28766456229969192
8.84751631822581e+136
-1963995712982276.5
1.8948386223224567e+68
-6.9149073868113664e-277
-7.2171063605772388e-249
-2.7570258619888945e+97
-8.6260571979666681e-129
3.0125463190209904e-126
1.9154778511984046e-248
2.4259733188569955e-06
9.0645750313377842e-93
1.9394478375540885e+163
-1.9550720429835001e-22
6.3922169592334176e-215
-3.261480528111947e+100
2.1746998866984307e-222
-2.8807274427225293e-92
-6.3358956631085576e+73
6.1212604265981096e+127
3.65761749817741e+102
3.7042027238914002e+298
8.5416562246788997e+194
6.7812129804519206e+193
3.8151821723834099e+53
-2.4065711777091051e+255
-1.1122430335361337e+43
6.4475279639933232e-268
8.9113255158736947e+88
-7.0825714736669951e+158
-2.1831707503326358e-257
-6.9898320971867169e+131
1.1298941110215221e+124
-3514787.8274853285
4.6849435148413258e+293
-2.6365441021345947e-07
-6.910845112211575e+264
2.3318702233789915e-305
3.3460556177670444e-89
1.1341343345930371e-234
6.9578842922633474e-27
5.8017033929448678e+158
-4.7450072566739527e-193
-3.5083856908663808e-284
-1.9981696313274923e+31
2.3469288798182582e+219
-1.0848422831568245e-95
-1.1782344144148762e+300
5.7480484530055142e+59
1.0722400019569877e-258
-1.0981707222035143e+238
-1.2420547775246341e+186
1.6505786148699583e+217
-1.9450913137354024e+82
5.4592721848645566e-185
6.1015592762693537e-270
-3.3570803781160991e-202
-4.0943332184523781e+282
1.3725741416703922e+198
1.1875882062979564e+50
-1.6572461799306012e+231
4.4695604070278862e+225
6.8169914662032481e-182
3.2623608863226267e+171
8.3255600248870911e+122
1.2835167221072278e-08
-1.4311175560368603e+189
-1.0945332234785007e-139
4.219022348429401e-94
0.020782743519342634
-8.7749857186632401e-80
-1.8067303886730648e+133
-26865127863719388
8.9413129175171451e+219
1.0664302253685817e-201
-4.965534532736479e+306
3.2314259800691565e+182
3.743786099178461e+181
-1.5941126624098117e+66
9.386914474798319e+275
1.6572513245067055e+186
4.7622958075548829e+179
2.364439376365636e-215
1.6397176943591126e-272
-1.1675282341799321e+37
-2.4896447173853166e+38
1.2088386657240212e-237
-4.4431006906746553e-247
-5.2454381470699808e+215
5.9566840099219839e+34
9.3190575703347343e-278
-1.1310321660973906e+135
-1.3025855803754569e-145
5.6936942019981796e+46
4.9370431457580867e-134
