counts 2.00000000000000000E+00 1.60000000000000000E+01
free -2.02760100362897191E+01 3.56238096371801518E+01 -9.66511640437296871E-01 2.50009040980022519E+01 -3.80370345524264337E+01 -1.90494827206339035E-01
acc -1.91772208418820185E+01 -1.19532613395762723E+01 -1.02984989003716514E+01 3.03032288403146888E+00 -8.30249816941303642E+00 9.51709810731601280E+00
qfrc 3.66006154850292376E+00 -9.21159286112120412E+00 -2.11726990524709890E+00 -3.34927392989829431E-01 -2.95037702428658122E-01 -1.03478437369938780E-02
aref -1.94360654471488985E+01 -1.17935417110085616E+01 3.64626446704503282E-01 -1.95304277309337984E+01 -2.03481626565347540E+01 7.07691915914863401E+00 2.83010214148316663E+01 -5.34442956739160380E+00 1.12731352758553136E+01 1.50426541978289166E+01 1.19925193964904828E+01 1.43232700771937473E+01 1.87397818382997592E+01 2.60714822968090232E+01 1.93633332143143200E+01 2.54479309207944624E+01
reg 2.53796462749421670E+00 2.53796462749421670E+00 2.53796462749421670E+00 9.16942058965651619E+00 9.16942058965651619E+00 9.16942058965651619E+00 1.20219377091831436E+00 4.34340975299519716E+00 2.00000000000000016E-15 2.00000000000000016E-15 2.00000000000000016E-15 2.00000000000000016E-15 3.10243553785371218E-02 3.10243553785371218E-02 3.10243553785371218E-02 3.10243553785371218E-02
force -2.00000000000000004E-03 2.00000000000000004E-03 2.00000000000000004E-03 -2.00000000000000004E-03 -2.00000000000000004E-03 -2.00000000000000004E-03 5.06958526876351723E+00 0.00000000000000000E+00 6.57894736841961300E+15 6.57894736842250000E+15 6.57894736842392800E+15 6.57894736841818500E+15 7.07001606027789535E+02 7.10511965148872378E+02 7.07247740492619073E+02 7.10265830684042953E+02
jac 1.00000000000000000E+00 0.00000000000000000E+00 0.00000000000000000E+00 0.00000000000000000E+00 0.00000000000000000E+00 0.00000000000000000E+00
jac 0.00000000000000000E+00 1.00000000000000000E+00 0.00000000000000000E+00 0.00000000000000000E+00 0.00000000000000000E+00 0.00000000000000000E+00
jac 0.00000000000000000E+00 0.00000000000000000E+00 1.00000000000000000E+00 0.00000000000000000E+00 0.00000000000000000E+00 0.00000000000000000E+00
jac 0.00000000000000000E+00 0.00000000000000000E+00 0.00000000000000000E+00 1.00000000000000000E+00 0.00000000000000000E+00 0.00000000000000000E+00
jac 0.00000000000000000E+00 0.00000000000000000E+00 0.00000000000000000E+00 0.00000000000000000E+00 1.00000000000000000E+00 0.00000000000000000E+00
jac 0.00000000000000000E+00 0.00000000000000000E+00 0.00000000000000000E+00 0.00000000000000000E+00 0.00000000000000000E+00 1.00000000000000000E+00
jac -5.03260698647217453E-01 -8.22766782875055669E-01 -2.64165649157011906E-01 0.00000000000000000E+00 0.00000000000000000E+00 0.00000000000000000E+00
jac 0.00000000000000000E+00 0.00000000000000000E+00 0.00000000000000000E+00 7.17749754479525159E-01 1.64285945878657025E-01 6.76642755027596632E-01
jac 9.74681791106008361E-02 -7.43769232261013184E-04 2.37715548355116844E-03 0.00000000000000000E+00 0.00000000000000000E+00 0.00000000000000000E+00
jac -9.74681791106008361E-02 7.43769232261013184E-04 -2.37715548355116844E-03 0.00000000000000000E+00 0.00000000000000000E+00 0.00000000000000000E+00
jac 7.79059036580331235E-04 9.74862334310267198E-02 -1.44130442616773047E-03 0.00000000000000000E+00 0.00000000000000000E+00 0.00000000000000000E+00
jac -7.79059036580331235E-04 -9.74862334310267198E-02 1.44130442616773047E-03 0.00000000000000000E+00 0.00000000000000000E+00 0.00000000000000000E+00
jac 1.94271952105500079E-01 -1.97693135162986006E-01 2.06929980308598549E-01 9.57972850839416551E-02 1.10031014819308298E-03 1.88481522386833595E-03
jac 5.64673509533474005E-03 -2.02144239238683548E-01 -1.96087966657964907E-01 -9.57972850839416551E-02 -1.10031014819308298E-03 -1.88481522386833595E-03
jac 9.82868877835467863E-02 -9.92338577419467072E-02 1.05497549174533037E-01 -1.11178933256764808E-03 9.58139751706690163E-02 5.73695719648182993E-04
jac 1.01631799417288018E-01 -3.00603516659722847E-01 -9.46555355238994228E-02 1.11178933256764808E-03 -9.58139751706690163E-02 -5.73695719648182993E-04
state 9.99890728070892632E-01 7.43961488649554775E-03 1.21628174471898210E-02 3.90511458822840078E-03 9.99895408724752577E-01 -1.03806470133169515E-02 -2.37602925361067455E-03 -9.78612608394858509E-03 1.84642621747914515E-01 1.12038646254581320E-01 -3.46395124369278107E-03 1.85539063443871055E-01 1.93307545237080158E-01 -6.72307320119120144E-02 1.25000000000000000E-01
