2 0.10000000000000001 0 -9.8100000000000005 0.002 0.01 0.02 0.02 1 0.90000000000000002 0.94999999999999996 0.001 0.5 0 0.02 4 1 1 0 1 0 1 0 0 1 0 -100 100 0.099000000000000005 0 0 0.29999999999999999 1.2 0 0
2 0.10000000000000001 0 -9.8100000000000005 0.002 0.01 0.02 0.02 1 0.90000000000000002 0.94999999999999996 0.001 0.5 0 0.02 4 1 1 0 1 0 1 0 0 1 0 -100 100 0.105 0 0 0.29999999999999999 1.2 0 0
2 0.10000000000000001 0 -9.8100000000000005 0.002 0.01 0.02 0.02 1 0.90000000000000002 0.94999999999999996 0.001 0.5 0 0.02 4 1 1 0 1 0 1 0 0 1 0 -100 100 0.13 0 0 0.29999999999999999 1.2 0 0
2 0.10000000000000001 0 -9.8100000000000005 0.002 0.01 0.02 0.02 1 0.90000000000000002 0.94999999999999996 0.001 0.5 0 0.02 4 1 1 0 1 0 1 0 0 1 0 -100 100 0.099000000000000005 0 0 0.29999999999999999 1.2 0 1
2 0.10000000000000001 0 -9.8100000000000005 0.002 0.01 0.02 0.02 1 0.90000000000000002 0.94999999999999996 0.001 0.5 0 0.02 4 1 1 0 1 0 1 0 0 1 0 -100 100 0.105 0 0 0.29999999999999999 1.2 0 1
2 0.10000000000000001 0 -9.8100000000000005 0.002 0.01 0.02 0.02 1 0.90000000000000002 0.94999999999999996 0.001 0.5 0 0.02 4 1 1 0 1 0 1 0 0 1 0 -100 100 0.13 0 0 0.29999999999999999 1.2 0 1
2 0.10000000000000001 0 -9.8100000000000005 0.002 0.01 0.02 0.02 1 0.90000000000000002 0.94999999999999996 0.001 0.5 0 0.02 4 1 1 0 1 0 1 0 0 1 0 -100 100 0.099000000000000005 0 0 0.29999999999999999 1.2 0 100
2 0.10000000000000001 0 -9.8100000000000005 0.002 0.01 0.02 0.02 1 0.90000000000000002 0.94999999999999996 0.001 0.5 0 0.02 4 1 1 0 1 0 1 0 0 1 0 -100 100 0.105 0 0 0.29999999999999999 1.2 0 100
2 0.10000000000000001 0 -9.8100000000000005 0.002 0.01 0.02 0.02 1 0.90000000000000002 0.94999999999999996 0.001 0.5 0 0.02 4 1 1 0 1 0 1 0 0 1 0 -100 100 0.13 0 0 0.29999999999999999 1.2 0 100
2 0.10000000000000001 0 -9.8100000000000005 0.002 0.01 0.02 0.02 1 0.90000000000000002 0.94999999999999996 0.001 0.5 0 0.02 4 1 1 1 1 0 1 0 0 1 0 -100 100 0.099000000000000005 0 0 0.29999999999999999 1.2 0 0
2 0.10000000000000001 0 -9.8100000000000005 0.002 0.01 0.02 0.02 1 0.90000000000000002 0.94999999999999996 0.001 0.5 0 0.02 4 1 1 1 1 0 1 0 0 1 0 -100 100 0.105 0 0 0.29999999999999999 1.2 0 0
2 0.10000000000000001 0 -9.8100000000000005 0.002 0.01 0.02 0.02 1 0.90000000000000002 0.94999999999999996 0.001 0.5 0 0.02 4 1 1 1 1 0 1 0 0 1 0 -100 100 0.13 0 0 0.29999999999999999 1.2 0 0
2 0.10000000000000001 0 -9.8100000000000005 0.002 0.01 0.02 0.02 1 0.90000000000000002 0.94999999999999996 0.001 0.5 0 0.02 4 1 1 1 1 0 1 0 0 1 0 -100 100 0.099000000000000005 0 0 0.29999999999999999 1.2 0 1
2 0.10000000000000001 0 -9.8100000000000005 0.002 0.01 0.02 0.02 1 0.90000000000000002 0.94999999999999996 0.001 0.5 0 0.02 4 1 1 1 1 0 1 0 0 1 0 -100 100 0.105 0 0 0.29999999999999999 1.2 0 1
2 0.10000000000000001 0 -9.8100000000000005 0.002 0.01 0.02 0.02 1 0.90000000000000002 0.94999999999999996 0.001 0.5 0 0.02 4 1 1 1 1 0 1 0 0 1 0 -100 100 0.13 0 0 0.29999999999999999 1.2 0 1
2 0.10000000000000001 0 -9.8100000000000005 0.002 0.01 0.02 0.02 1 0.90000000000000002 0.94999999999999996 0.001 0.5 0 0.02 4 1 1 1 1 0 1 0 0 1 0 -100 100 0.099000000000000005 0 0 0.29999999999999999 1.2 0 100
2 0.10000000000000001 0 -9.8100000000000005 0.002 0.01 0.02 0.02 1 0.90000000000000002 0.94999999999999996 0.001 0.5 0 0.02 4 1 1 1 1 0 1 0 0 1 0 -100 100 0.105 0 0 0.29999999999999999 1.2 0 100
2 0.10000000000000001 0 -9.8100000000000005 0.002 0.01 0.02 0.02 1 0.90000000000000002 0.94999999999999996 0.001 0.5 0 0.02 4 1 1 1 1 0 1 0 0 1 0 -100 100 0.13 0 0 0.29999999999999999 1.2 0 100
2 0.10000000000000001 0 -9.8100000000000005 0.002 0.01 0.02 0.02 1 0.90000000000000002 0.94999999999999996 0.001 0.5 1 0.02 4 1 1 0 1 0 1 0 0 1 0 -100 100 0.099000000000000005 0 0 0.29999999999999999 1.2 0 0
2 0.10000000000000001 0 -9.8100000000000005 0.002 0.01 0.02 0.02 1 0.90000000000000002 0.94999999999999996 0.001 0.5 1 0.02 4 1 1 0 1 0 1 0 0 1 0 -100 100 0.105 0 0 0.29999999999999999 1.2 0 0
2 0.10000000000000001 0 -9.8100000000000005 0.002 0.01 0.02 0.02 1 0.90000000000000002 0.94999999999999996 0.001 0.5 1 0.02 4 1 1 0 1 0 1 0 0 1 0 -100 100 0.13 0 0 0.29999999999999999 1.2 0 0
2 0.10000000000000001 0 -9.8100000000000005 0.002 0.01 0.02 0.02 1 0.90000000000000002 0.94999999999999996 0.001 0.5 1 0.02 4 1 1 0 1 0 1 0 0 1 0 -100 100 0.099000000000000005 0 0 0.29999999999999999 1.2 0 1
2 0.10000000000000001 0 -9.8100000000000005 0.002 0.01 0.02 0.02 1 0.90000000000000002 0.94999999999999996 0.001 0.5 1 0.02 4 1 1 0 1 0 1 0 0 1 0 -100 100 0.105 0 0 0.29999999999999999 1.2 0 1
2 0.10000000000000001 0 -9.8100000000000005 0.002 0.01 0.02 0.02 1 0.90000000000000002 0.94999999999999996 0.001 0.5 1 0.02 4 1 1 0 1 0 1 0 0 1 0 -100 100 0.13 0 0 0.29999999999999999 1.2 0 1
2 0.10000000000000001 0 -9.8100000000000005 0.002 0.01 0.02 0.02 1 0.90000000000000002 0.94999999999999996 0.001 0.5 1 0.02 4 1 1 0 1 0 1 0 0 1 0 -100 100 0.099000000000000005 0 0 0.29999999999999999 1.2 0 100
2 0.10000000000000001 0 -9.8100000000000005 0.002 0.01 0.02 0.02 1 0.90000000000000002 0.94999999999999996 0.001 0.5 1 0.02 4 1 1 0 1 0 1 0 0 1 0 -100 100 0.105 0 0 0.29999999999999999 1.2 0 100
2 0.10000000000000001 0 -9.8100000000000005 0.002 0.01 0.02 0.02 1 0.90000000000000002 0.94999999999999996 0.001 0.5 1 0.02 4 1 1 0 1 0 1 0 0 1 0 -100 100 0.13 0 0 0.29999999999999999 1.2 0 100
2 0.10000000000000001 0 -9.8100000000000005 0.002 0.01 0.02 0.02 1 0.90000000000000002 0.94999999999999996 0.001 0.5 1 0.02 4 1 1 0 1 0 1 1 0 1 0 -100 100 0.099000000000000005 0 0 0.29999999999999999 1.2 0 0
2 0.10000000000000001 0 -9.8100000000000005 0.002 0.01 0.02 0.02 1 0.90000000000000002 0.94999999999999996 0.001 0.5 1 0.02 4 1 1 0 1 0 1 1 0 1 0 -100 100 0.105 0 0 0.29999999999999999 1.2 0 0
2 0.10000000000000001 0 -9.8100000000000005 0.002 0.01 0.02 0.02 1 0.90000000000000002 0.94999999999999996 0.001 0.5 1 0.02 4 1 1 0 1 0 1 1 0 1 0 -100 100 0.13 0 0 0.29999999999999999 1.2 0 0
2 0.10000000000000001 0 -9.8100000000000005 0.002 0.01 0.02 0.02 1 0.90000000000000002 0.94999999999999996 0.001 0.5 1 0.02 4 1 1 0 1 0 1 1 0 1 0 -100 100 0.099000000000000005 0 0 0.29999999999999999 1.2 0 1
2 0.10000000000000001 0 -9.8100000000000005 0.002 0.01 0.02 0.02 1 0.90000000000000002 0.94999999999999996 0.001 0.5 1 0.02 4 1 1 0 1 0 1 1 0 1 0 -100 100 0.105 0 0 0.29999999999999999 1.2 0 1
2 0.10000000000000001 0 -9.8100000000000005 0.002 0.01 0.02 0.02 1 0.90000000000000002 0.94999999999999996 0.001 0.5 1 0.02 4 1 1 0 1 0 1 1 0 1 0 -100 100 0.13 0 0 0.29999999999999999 1.2 0 1
2 0.10000000000000001 0 -9.8100000000000005 0.002 0.01 0.02 0.02 1 0.90000000000000002 0.94999999999999996 0.001 0.5 1 0.02 4 1 1 0 1 0 1 1 0 1 0 -100 100 0.099000000000000005 0 0 0.29999999999999999 1.2 0 100
2 0.10000000000000001 0 -9.8100000000000005 0.002 0.01 0.02 0.02 1 0.90000000000000002 0.94999999999999996 0.001 0.5 1 0.02 4 1 1 0 1 0 1 1 0 1 0 -100 100 0.105 0 0 0.29999999999999999 1.2 0 100
2 0.10000000000000001 0 -9.8100000000000005 0.002 0.01 0.02 0.02 1 0.90000000000000002 0.94999999999999996 0.001 0.5 1 0.02 4 1 1 0 1 0 1 1 0 1 0 -100 100 0.13 0 0 0.29999999999999999 1.2 0 100
2 0.10000000000000001 0 -9.8100000000000005 0.002 0.01 0.02 0.02 1 0.90000000000000002 0.94999999999999996 0.001 0.5 1 0.02 4 1 1 1 1 0 1 0 0 1 0 -100 100 0.099000000000000005 0 0 0.29999999999999999 1.2 0 0
2 0.10000000000000001 0 -9.8100000000000005 0.002 0.01 0.02 0.02 1 0.90000000000000002 0.94999999999999996 0.001 0.5 1 0.02 4 1 1 1 1 0 1 0 0 1 0 -100 100 0.105 0 0 0.29999999999999999 1.2 0 0
2 0.10000000000000001 0 -9.8100000000000005 0.002 0.01 0.02 0.02 1 0.90000000000000002 0.94999999999999996 0.001 0.5 1 0.02 4 1 1 1 1 0 1 0 0 1 0 -100 100 0.13 0 0 0.29999999999999999 1.2 0 0
2 0.10000000000000001 0 -9.8100000000000005 0.002 0.01 0.02 0.02 1 0.90000000000000002 0.94999999999999996 0.001 0.5 1 0.02 4 1 1 1 1 0 1 0 0 1 0 -100 100 0.099000000000000005 0 0 0.29999999999999999 1.2 0 1
2 0.10000000000000001 0 -9.8100000000000005 0.002 0.01 0.02 0.02 1 0.90000000000000002 0.94999999999999996 0.001 0.5 1 0.02 4 1 1 1 1 0 1 0 0 1 0 -100 100 0.105 0 0 0.29999999999999999 1.2 0 1
2 0.10000000000000001 0 -9.8100000000000005 0.002 0.01 0.02 0.02 1 0.90000000000000002 0.94999999999999996 0.001 0.5 1 0.02 4 1 1 1 1 0 1 0 0 1 0 -100 100 0.13 0 0 0.29999999999999999 1.2 0 1
2 0.10000000000000001 0 -9.8100000000000005 0.002 0.01 0.02 0.02 1 0.90000000000000002 0.94999999999999996 0.001 0.5 1 0.02 4 1 1 1 1 0 1 0 0 1 0 -100 100 0.099000000000000005 0 0 0.29999999999999999 1.2 0 100
2 0.10000000000000001 0 -9.8100000000000005 0.002 0.01 0.02 0.02 1 0.90000000000000002 0.94999999999999996 0.001 0.5 1 0.02 4 1 1 1 1 0 1 0 0 1 0 -100 100 0.105 0 0 0.29999999999999999 1.2 0 100
2 0.10000000000000001 0 -9.8100000000000005 0.002 0.01 0.02 0.02 1 0.90000000000000002 0.94999999999999996 0.001 0.5 1 0.02 4 1 1 1 1 0 1 0 0 1 0 -100 100 0.13 0 0 0.29999999999999999 1.2 0 100
2 0.10000000000000001 0 -9.8100000000000005 0.002 0.01 0.02 0.02 1 0.90000000000000002 0.94999999999999996 0.001 0.5 1 0.02 4 1 1 1 1 0 1 1 0 1 0 -100 100 0.099000000000000005 0 0 0.29999999999999999 1.2 0 0
2 0.10000000000000001 0 -9.8100000000000005 0.002 0.01 0.02 0.02 1 0.90000000000000002 0.94999999999999996 0.001 0.5 1 0.02 4 1 1 1 1 0 1 1 0 1 0 -100 100 0.105 0 0 0.29999999999999999 1.2 0 0
2 0.10000000000000001 0 -9.8100000000000005 0.002 0.01 0.02 0.02 1 0.90000000000000002 0.94999999999999996 0.001 0.5 1 0.02 4 1 1 1 1 0 1 1 0 1 0 -100 100 0.13 0 0 0.29999999999999999 1.2 0 0
2 0.10000000000000001 0 -9.8100000000000005 0.002 0.01 0.02 0.02 1 0.90000000000000002 0.94999999999999996 0.001 0.5 1 0.02 4 1 1 1 1 0 1 1 0 1 0 -100 100 0.099000000000000005 0 0 0.29999999999999999 1.2 0 1
2 0.10000000000000001 0 -9.8100000000000005 0.002 0.01 0.02 0.02 1 0.90000000000000002 0.94999999999999996 0.001 0.5 1 0.02 4 1 1 1 1 0 1 1 0 1 0 -100 100 0.105 0 0 0.29999999999999999 1.2 0 1
2 0.10000000000000001 0 -9.8100000000000005 0.002 0.01 0.02 0.02 1 0.90000000000000002 0.94999999999999996 0.001 0.5 1 0.02 4 1 1 1 1 0 1 1 0 1 0 -100 100 0.13 0 0 0.29999999999999999 1.2 0 1
2 0.10000000000000001 0 -9.8100000000000005 0.002 0.01 0.02 0.02 1 0.90000000000000002 0.94999999999999996 0.001 0.5 1 0.02 4 1 1 1 1 0 1 1 0 1 0 -100 100 0.099000000000000005 0 0 0.29999999999999999 1.2 0 100
2 0.10000000000000001 0 -9.8100000000000005 0.002 0.01 0.02 0.02 1 0.90000000000000002 0.94999999999999996 0.001 0.5 1 0.02 4 1 1 1 1 0 1 1 0 1 0 -100 100 0.105 0 0 0.29999999999999999 1.2 0 100
2 0.10000000000000001 0 -9.8100000000000005 0.002 0.01 0.02 0.02 1 0.90000000000000002 0.94999999999999996 0.001 0.5 1 0.02 4 1 1 1 1 0 1 1 0 1 0 -100 100 0.13 0 0 0.29999999999999999 1.2 0 100
2 0.10000000000000001 0 -9.8100000000000005 0.002 0.01 0.02 0.02 1 0.90000000000000002 0.94999999999999996 0.001 0.5 2 0.02 4 1 1 0 1 0 1 0 0 1 0 -100 100 0.099000000000000005 0 0 0.29999999999999999 1.2 0 0
2 0.10000000000000001 0 -9.8100000000000005 0.002 0.01 0.02 0.02 1 0.90000000000000002 0.94999999999999996 0.001 0.5 2 0.02 4 1 1 0 1 0 1 0 0 1 0 -100 100 0.105 0 0 0.29999999999999999 1.2 0 0
2 0.10000000000000001 0 -9.8100000000000005 0.002 0.01 0.02 0.02 1 0.90000000000000002 0.94999999999999996 0.001 0.5 2 0.02 4 1 1 0 1 0 1 0 0 1 0 -100 100 0.13 0 0 0.29999999999999999 1.2 0 0
2 0.10000000000000001 0 -9.8100000000000005 0.002 0.01 0.02 0.02 1 0.90000000000000002 0.94999999999999996 0.001 0.5 2 0.02 4 1 1 0 1 0 1 0 0 1 0 -100 100 0.099000000000000005 0 0 0.29999999999999999 1.2 0 1
2 0.10000000000000001 0 -9.8100000000000005 0.002 0.01 0.02 0.02 1 0.90000000000000002 0.94999999999999996 0.001 0.5 2 0.02 4 1 1 0 1 0 1 0 0 1 0 -100 100 0.105 0 0 0.29999999999999999 1.2 0 1
2 0.10000000000000001 0 -9.8100000000000005 0.002 0.01 0.02 0.02 1 0.90000000000000002 0.94999999999999996 0.001 0.5 2 0.02 4 1 1 0 1 0 1 0 0 1 0 -100 100 0.13 0 0 0.29999999999999999 1.2 0 1
2 0.10000000000000001 0 -9.8100000000000005 0.002 0.01 0.02 0.02 1 0.90000000000000002 0.94999999999999996 0.001 0.5 2 0.02 4 1 1 0 1 0 1 0 0 1 0 -100 100 0.099000000000000005 0 0 0.29999999999999999 1.2 0 100
2 0.10000000000000001 0 -9.8100000000000005 0.002 0.01 0.02 0.02 1 0.90000000000000002 0.94999999999999996 0.001 0.5 2 0.02 4 1 1 0 1 0 1 0 0 1 0 -100 100 0.105 0 0 0.29999999999999999 1.2 0 100
2 0.10000000000000001 0 -9.8100000000000005 0.002 0.01 0.02 0.02 1 0.90000000000000002 0.94999999999999996 0.001 0.5 2 0.02 4 1 1 0 1 0 1 0 0 1 0 -100 100 0.13 0 0 0.29999999999999999 1.2 0 100
2 0.10000000000000001 0 -9.8100000000000005 0.002 0.01 0.02 0.02 1 0.90000000000000002 0.94999999999999996 0.001 0.5 2 0.02 4 1 1 0 1 0 1 1 0 1 0 -100 100 0.099000000000000005 0 0 0.29999999999999999 1.2 0 0
2 0.10000000000000001 0 -9.8100000000000005 0.002 0.01 0.02 0.02 1 0.90000000000000002 0.94999999999999996 0.001 0.5 2 0.02 4 1 1 0 1 0 1 1 0 1 0 -100 100 0.105 0 0 0.29999999999999999 1.2 0 0
2 0.10000000000000001 0 -9.8100000000000005 0.002 0.01 0.02 0.02 1 0.90000000000000002 0.94999999999999996 0.001 0.5 2 0.02 4 1 1 0 1 0 1 1 0 1 0 -100 100 0.13 0 0 0.29999999999999999 1.2 0 0
2 0.10000000000000001 0 -9.8100000000000005 0.002 0.01 0.02 0.02 1 0.90000000000000002 0.94999999999999996 0.001 0.5 2 0.02 4 1 1 0 1 0 1 1 0 1 0 -100 100 0.099000000000000005 0 0 0.29999999999999999 1.2 0 1
2 0.10000000000000001 0 -9.8100000000000005 0.002 0.01 0.02 0.02 1 0.90000000000000002 0.94999999999999996 0.001 0.5 2 0.02 4 1 1 0 1 0 1 1 0 1 0 -100 100 0.105 0 0 0.29999999999999999 1.2 0 1
2 0.10000000000000001 0 -9.8100000000000005 0.002 0.01 0.02 0.02 1 0.90000000000000002 0.94999999999999996 0.001 0.5 2 0.02 4 1 1 0 1 0 1 1 0 1 0 -100 100 0.13 0 0 0.29999999999999999 1.2 0 1
2 0.10000000000000001 0 -9.8100000000000005 0.002 0.01 0.02 0.02 1 0.90000000000000002 0.94999999999999996 0.001 0.5 2 0.02 4 1 1 0 1 0 1 1 0 1 0 -100 100 0.099000000000000005 0 0 0.29999999999999999 1.2 0 100
2 0.10000000000000001 0 -9.8100000000000005 0.002 0.01 0.02 0.02 1 0.90000000000000002 0.94999999999999996 0.001 0.5 2 0.02 4 1 1 0 1 0 1 1 0 1 0 -100 100 0.105 0 0 0.29999999999999999 1.2 0 100
2 0.10000000000000001 0 -9.8100000000000005 0.002 0.01 0.02 0.02 1 0.90000000000000002 0.94999999999999996 0.001 0.5 2 0.02 4 1 1 0 1 0 1 1 0 1 0 -100 100 0.13 0 0 0.29999999999999999 1.2 0 100
2 0.10000000000000001 0 -9.8100000000000005 0.002 0.01 0.02 0.02 1 0.90000000000000002 0.94999999999999996 0.001 0.5 2 0.02 4 1 1 1 1 0 1 0 0 1 0 -100 100 0.099000000000000005 0 0 0.29999999999999999 1.2 0 0
2 0.10000000000000001 0 -9.8100000000000005 0.002 0.01 0.02 0.02 1 0.90000000000000002 0.94999999999999996 0.001 0.5 2 0.02 4 1 1 1 1 0 1 0 0 1 0 -100 100 0.105 0 0 0.29999999999999999 1.2 0 0
2 0.10000000000000001 0 -9.8100000000000005 0.002 0.01 0.02 0.02 1 0.90000000000000002 0.94999999999999996 0.001 0.5 2 0.02 4 1 1 1 1 0 1 0 0 1 0 -100 100 0.13 0 0 0.29999999999999999 1.2 0 0
2 0.10000000000000001 0 -9.8100000000000005 0.002 0.01 0.02 0.02 1 0.90000000000000002 0.94999999999999996 0.001 0.5 2 0.02 4 1 1 1 1 0 1 0 0 1 0 -100 100 0.099000000000000005 0 0 0.29999999999999999 1.2 0 1
2 0.10000000000000001 0 -9.8100000000000005 0.002 0.01 0.02 0.02 1 0.90000000000000002 0.94999999999999996 0.001 0.5 2 0.02 4 1 1 1 1 0 1 0 0 1 0 -100 100 0.105 0 0 0.29999999999999999 1.2 0 1
2 0.10000000000000001 0 -9.8100000000000005 0.002 0.01 0.02 0.02 1 0.90000000000000002 0.94999999999999996 0.001 0.5 2 0.02 4 1 1 1 1 0 1 0 0 1 0 -100 100 0.13 0 0 0.29999999999999999 1.2 0 1
2 0.10000000000000001 0 -9.8100000000000005 0.002 0.01 0.02 0.02 1 0.90000000000000002 0.94999999999999996 0.001 0.5 2 0.02 4 1 1 1 1 0 1 0 0 1 0 -100 100 0.099000000000000005 0 0 0.29999999999999999 1.2 0 100
2 0.10000000000000001 0 -9.8100000000000005 0.002 0.01 0.02 0.02 1 0.90000000000000002 0.94999999999999996 0.001 0.5 2 0.02 4 1 1 1 1 0 1 0 0 1 0 -100 100 0.105 0 0 0.29999999999999999 1.2 0 100
2 0.10000000000000001 0 -9.8100000000000005 0.002 0.01 0.02 0.02 1 0.90000000000000002 0.94999999999999996 0.001 0.5 2 0.02 4 1 1 1 1 0 1 0 0 1 0 -100 100 0.13 0 0 0.29999999999999999 1.2 0 100
2 0.10000000000000001 0 -9.8100000000000005 0.002 0.01 0.02 0.02 1 0.90000000000000002 0.94999999999999996 0.001 0.5 2 0.02 4 1 1 1 1 0 1 1 0 1 0 -100 100 0.099000000000000005 0 0 0.29999999999999999 1.2 0 0
2 0.10000000000000001 0 -9.8100000000000005 0.002 0.01 0.02 0.02 1 0.90000000000000002 0.94999999999999996 0.001 0.5 2 0.02 4 1 1 1 1 0 1 1 0 1 0 -100 100 0.105 0 0 0.29999999999999999 1.2 0 0
2 0.10000000000000001 0 -9.8100000000000005 0.002 0.01 0.02 0.02 1 0.90000000000000002 0.94999999999999996 0.001 0.5 2 0.02 4 1 1 1 1 0 1 1 0 1 0 -100 100 0.13 0 0 0.29999999999999999 1.2 0 0
2 0.10000000000000001 0 -9.8100000000000005 0.002 0.01 0.02 0.02 1 0.90000000000000002 0.94999999999999996 0.001 0.5 2 0.02 4 1 1 1 1 0 1 1 0 1 0 -100 100 0.099000000000000005 0 0 0.29999999999999999 1.2 0 1
2 0.10000000000000001 0 -9.8100000000000005 0.002 0.01 0.02 0.02 1 0.90000000000000002 0.94999999999999996 0.001 0.5 2 0.02 4 1 1 1 1 0 1 1 0 1 0 -100 100 0.105 0 0 0.29999999999999999 1.2 0 1
2 0.10000000000000001 0 -9.8100000000000005 0.002 0.01 0.02 0.02 1 0.90000000000000002 0.94999999999999996 0.001 0.5 2 0.02 4 1 1 1 1 0 1 1 0 1 0 -100 100 0.13 0 0 0.29999999999999999 1.2 0 1
2 0.10000000000000001 0 -9.8100000000000005 0.002 0.01 0.02 0.02 1 0.90000000000000002 0.94999999999999996 0.001 0.5 2 0.02 4 1 1 1 1 0 1 1 0 1 0 -100 100 0.099000000000000005 0 0 0.29999999999999999 1.2 0 100
2 0.10000000000000001 0 -9.8100000000000005 0.002 0.01 0.02 0.02 1 0.90000000000000002 0.94999999999999996 0.001 0.5 2 0.02 4 1 1 1 1 0 1 1 0 1 0 -100 100 0.105 0 0 0.29999999999999999 1.2 0 100
2 0.10000000000000001 0 -9.8100000000000005 0.002 0.01 0.02 0.02 1 0.90000000000000002 0.94999999999999996 0.001 0.5 2 0.02 4 1 1 1 1 0 1 1 0 1 0 -100 100 0.13 0 0 0.29999999999999999 1.2 0 100
2 0.10000000000000001 0 -9.8100000000000005 0.002 0.01 0.02 0.02 1 0.90000000000000002 0.94999999999999996 0.001 0.5 3 0.02 4 1 1 0 1 0 1 0 0 1 0 -100 100 0.099000000000000005 0 0 0.29999999999999999 1.2 0 0
2 0.10000000000000001 0 -9.8100000000000005 0.002 0.01 0.02 0.02 1 0.90000000000000002 0.94999999999999996 0.001 0.5 3 0.02 4 1 1 0 1 0 1 0 0 1 0 -100 100 0.105 0 0 0.29999999999999999 1.2 0 0
2 0.10000000000000001 0 -9.8100000000000005 0.002 0.01 0.02 0.02 1 0.90000000000000002 0.94999999999999996 0.001 0.5 3 0.02 4 1 1 0 1 0 1 0 0 1 0 -100 100 0.13 0 0 0.29999999999999999 1.2 0 0
2 0.10000000000000001 0 -9.8100000000000005 0.002 0.01 0.02 0.02 1 0.90000000000000002 0.94999999999999996 0.001 0.5 3 0.02 4 1 1 0 1 0 1 0 0 1 0 -100 100 0.099000000000000005 0 0 0.29999999999999999 1.2 0 1
2 0.10000000000000001 0 -9.8100000000000005 0.002 0.01 0.02 0.02 1 0.90000000000000002 0.94999999999999996 0.001 0.5 3 0.02 4 1 1 0 1 0 1 0 0 1 0 -100 100 0.105 0 0 0.29999999999999999 1.2 0 1
2 0.10000000000000001 0 -9.8100000000000005 0.002 0.01 0.02 0.02 1 0.90000000000000002 0.94999999999999996 0.001 0.5 3 0.02 4 1 1 0 1 0 1 0 0 1 0 -100 100 0.13 0 0 0.29999999999999999 1.2 0 1
2 0.10000000000000001 0 -9.8100000000000005 0.002 0.01 0.02 0.02 1 0.90000000000000002 0.94999999999999996 0.001 0.5 3 0.02 4 1 1 0 1 0 1 0 0 1 0 -100 100 0.099000000000000005 0 0 0.29999999999999999 1.2 0 100
2 0.10000000000000001 0 -9.8100000000000005 0.002 0.01 0.02 0.02 1 0.90000000000000002 0.94999999999999996 0.001 0.5 3 0.02 4 1 1 0 1 0 1 0 0 1 0 -100 100 0.105 0 0 0.29999999999999999 1.2 0 100
2 0.10000000000000001 0 -9.8100000000000005 0.002 0.01 0.02 0.02 1 0.90000000000000002 0.94999999999999996 0.001 0.5 3 0.02 4 1 1 0 1 0 1 0 0 1 0 -100 100 0.13 0 0 0.29999999999999999 1.2 0 100
2 0.10000000000000001 0 -9.8100000000000005 0.002 0.01 0.02 0.02 1 0.90000000000000002 0.94999999999999996 0.001 0.5 3 0.02 4 1 1 0 1 0 1 1 0 1 0 -100 100 0.099000000000000005 0 0 0.29999999999999999 1.2 0 0
2 0.10000000000000001 0 -9.8100000000000005 0.002 0.01 0.02 0.02 1 0.90000000000000002 0.94999999999999996 0.001 0.5 3 0.02 4 1 1 0 1 0 1 1 0 1 0 -100 100 0.105 0 0 0.29999999999999999 1.2 0 0
2 0.10000000000000001 0 -9.8100000000000005 0.002 0.01 0.02 0.02 1 0.90000000000000002 0.94999999999999996 0.001 0.5 3 0.02 4 1 1 0 1 0 1 1 0 1 0 -100 100 0.13 0 0 0.29999999999999999 1.2 0 0
2 0.10000000000000001 0 -9.8100000000000005 0.002 0.01 0.02 0.02 1 0.90000000000000002 0.94999999999999996 0.001 0.5 3 0.02 4 1 1 0 1 0 1 1 0 1 0 -100 100 0.099000000000000005 0 0 0.29999999999999999 1.2 0 1
2 0.10000000000000001 0 -9.8100000000000005 0.002 0.01 0.02 0.02 1 0.90000000000000002 0.94999999999999996 0.001 0.5 3 0.02 4 1 1 0 1 0 1 1 0 1 0 -100 100 0.105 0 0 0.29999999999999999 1.2 0 1
2 0.10000000000000001 0 -9.8100000000000005 0.002 0.01 0.02 0.02 1 0.90000000000000002 0.94999999999999996 0.001 0.5 3 0.02 4 1 1 0 1 0 1 1 0 1 0 -100 100 0.13 0 0 0.29999999999999999 1.2 0 1
2 0.10000000000000001 0 -9.8100000000000005 0.002 0.01 0.02 0.02 1 0.90000000000000002 0.94999999999999996 0.001 0.5 3 0.02 4 1 1 0 1 0 1 1 0 1 0 -100 100 0.099000000000000005 0 0 0.29999999999999999 1.2 0 100
2 0.10000000000000001 0 -9.8100000000000005 0.002 0.01 0.02 0.02 1 0.90000000000000002 0.94999999999999996 0.001 0.5 3 0.02 4 1 1 0 1 0 1 1 0 1 0 -100 100 0.105 0 0 0.29999999999999999 1.2 0 100
2 0.10000000000000001 0 -9.8100000000000005 0.002 0.01 0.02 0.02 1 0.90000000000000002 0.94999999999999996 0.001 0.5 3 0.02 4 1 1 0 1 0 1 1 0 1 0 -100 100 0.13 0 0 0.29999999999999999 1.2 0 100
2 0.10000000000000001 0 -9.8100000000000005 0.002 0.01 0.02 0.02 1 0.90000000000000002 0.94999999999999996 0.001 0.5 3 0.02 4 1 1 1 1 0 1 0 0 1 0 -100 100 0.099000000000000005 0 0 0.29999999999999999 1.2 0 0
2 0.10000000000000001 0 -9.8100000000000005 0.002 0.01 0.02 0.02 1 0.90000000000000002 0.94999999999999996 0.001 0.5 3 0.02 4 1 1 1 1 0 1 0 0 1 0 -100 100 0.105 0 0 0.29999999999999999 1.2 0 0
2 0.10000000000000001 0 -9.8100000000000005 0.002 0.01 0.02 0.02 1 0.90000000000000002 0.94999999999999996 0.001 0.5 3 0.02 4 1 1 1 1 0 1 0 0 1 0 -100 100 0.13 0 0 0.29999999999999999 1.2 0 0
2 0.10000000000000001 0 -9.8100000000000005 0.002 0.01 0.02 0.02 1 0.90000000000000002 0.94999999999999996 0.001 0.5 3 0.02 4 1 1 1 1 0 1 0 0 1 0 -100 100 0.099000000000000005 0 0 0.29999999999999999 1.2 0 1
2 0.10000000000000001 0 -9.8100000000000005 0.002 0.01 0.02 0.02 1 0.90000000000000002 0.94999999999999996 0.001 0.5 3 0.02 4 1 1 1 1 0 1 0 0 1 0 -100 100 0.105 0 0 0.29999999999999999 1.2 0 1
2 0.10000000000000001 0 -9.8100000000000005 0.002 0.01 0.02 0.02 1 0.90000000000000002 0.94999999999999996 0.001 0.5 3 0.02 4 1 1 1 1 0 1 0 0 1 0 -100 100 0.13 0 0 0.29999999999999999 1.2 0 1
2 0.10000000000000001 0 -9.8100000000000005 0.002 0.01 0.02 0.02 1 0.90000000000000002 0.94999999999999996 0.001 0.5 3 0.02 4 1 1 1 1 0 1 0 0 1 0 -100 100 0.099000000000000005 0 0 0.29999999999999999 1.2 0 100
2 0.10000000000000001 0 -9.8100000000000005 0.002 0.01 0.02 0.02 1 0.90000000000000002 0.94999999999999996 0.001 0.5 3 0.02 4 1 1 1 1 0 1 0 0 1 0 -100 100 0.105 0 0 0.29999999999999999 1.2 0 100
2 0.10000000000000001 0 -9.8100000000000005 0.002 0.01 0.02 0.02 1 0.90000000000000002 0.94999999999999996 0.001 0.5 3 0.02 4 1 1 1 1 0 1 0 0 1 0 -100 100 0.13 0 0 0.29999999999999999 1.2 0 100
2 0.10000000000000001 0 -9.8100000000000005 0.002 0.01 0.02 0.02 1 0.90000000000000002 0.94999999999999996 0.001 0.5 3 0.02 4 1 1 1 1 0 1 1 0 1 0 -100 100 0.099000000000000005 0 0 0.29999999999999999 1.2 0 0
2 0.10000000000000001 0 -9.8100000000000005 0.002 0.01 0.02 0.02 1 0.90000000000000002 0.94999999999999996 0.001 0.5 3 0.02 4 1 1 1 1 0 1 1 0 1 0 -100 100 0.105 0 0 0.29999999999999999 1.2 0 0
2 0.10000000000000001 0 -9.8100000000000005 0.002 0.01 0.02 0.02 1 0.90000000000000002 0.94999999999999996 0.001 0.5 3 0.02 4 1 1 1 1 0 1 1 0 1 0 -100 100 0.13 0 0 0.29999999999999999 1.2 0 0
2 0.10000000000000001 0 -9.8100000000000005 0.002 0.01 0.02 0.02 1 0.90000000000000002 0.94999999999999996 0.001 0.5 3 0.02 4 1 1 1 1 0 1 1 0 1 0 -100 100 0.099000000000000005 0 0 0.29999999999999999 1.2 0 1
2 0.10000000000000001 0 -9.8100000000000005 0.002 0.01 0.02 0.02 1 0.90000000000000002 0.94999999999999996 0.001 0.5 3 0.02 4 1 1 1 1 0 1 1 0 1 0 -100 100 0.105 0 0 0.29999999999999999 1.2 0 1
2 0.10000000000000001 0 -9.8100000000000005 0.002 0.01 0.02 0.02 1 0.90000000000000002 0.94999999999999996 0.001 0.5 3 0.02 4 1 1 1 1 0 1 1 0 1 0 -100 100 0.13 0 0 0.29999999999999999 1.2 0 1
2 0.10000000000000001 0 -9.8100000000000005 0.002 0.01 0.02 0.02 1 0.90000000000000002 0.94999999999999996 0.001 0.5 3 0.02 4 1 1 1 1 0 1 1 0 1 0 -100 100 0.099000000000000005 0 0 0.29999999999999999 1.2 0 100
2 0.10000000000000001 0 -9.8100000000000005 0.002 0.01 0.02 0.02 1 0.90000000000000002 0.94999999999999996 0.001 0.5 3 0.02 4 1 1 1 1 0 1 1 0 1 0 -100 100 0.105 0 0 0.29999999999999999 1.2 0 100
2 0.10000000000000001 0 -9.8100000000000005 0.002 0.01 0.02 0.02 1 0.90000000000000002 0.94999999999999996 0.001 0.5 3 0.02 4 1 1 1 1 0 1 1 0 1 0 -100 100 0.13 0 0 0.29999999999999999 1.2 0 100
2 0.10000000000000001 0 -9.8100000000000005 0.002 0 0 0.02 1 0.90000000000000002 0.94999999999999996 0.001 0.5 0 0.02 1 0 1 1 1 0 1 0 0 1 0 0.10000000000000001 0.25 0.099000000000000005 0 0 0.59999999999999998 1.3999999999999999 0 100
2 0.10000000000000001 0 -9.8100000000000005 0.002 0 0 0.02 1 0.90000000000000002 0.94999999999999996 0.001 0.5 0 0.02 1 1 0 1 1 0 1 0 0 1 0 0.10000000000000001 0.25 0.099000000000000005 0 0 0.59999999999999998 1.3999999999999999 0 100
2 0.10000000000000001 0 -9.8100000000000005 0.002 0 0 0.02 1 0.90000000000000002 0.94999999999999996 0.001 0.5 0 0.02 1 1 1 1 1 0 1 0 0 1 1 0.10000000000000001 0.25 0.099000000000000005 0 0 0.59999999999999998 1.3999999999999999 0 100
2 0.10000000000000001 0 -9.8100000000000005 0.002 0 0 0.02 1 0.90000000000000002 0.94999999999999996 0.001 0.5 1 0.02 1 0 1 1 1 0 1 0 0 1 0 0.10000000000000001 0.25 0.099000000000000005 0 0 0.59999999999999998 1.3999999999999999 0 100
2 0.10000000000000001 0 -9.8100000000000005 0.002 0 0 0.02 1 0.90000000000000002 0.94999999999999996 0.001 0.5 1 0.02 1 1 0 1 1 0 1 0 0 1 0 0.10000000000000001 0.25 0.099000000000000005 0 0 0.59999999999999998 1.3999999999999999 0 100
2 0.10000000000000001 0 -9.8100000000000005 0.002 0 0 0.02 1 0.90000000000000002 0.94999999999999996 0.001 0.5 1 0.02 1 1 1 1 1 0 1 0 0 1 1 0.10000000000000001 0.25 0.099000000000000005 0 0 0.59999999999999998 1.3999999999999999 0 100
2 0.10000000000000001 0 -9.8100000000000005 0.002 0 0 0.02 1 0.90000000000000002 0.94999999999999996 0.001 0.5 2 0.02 1 0 1 1 1 0 1 0 0 1 0 0.10000000000000001 0.25 0.099000000000000005 0 0 0.59999999999999998 1.3999999999999999 0 100
2 0.10000000000000001 0 -9.8100000000000005 0.002 0 0 0.02 1 0.90000000000000002 0.94999999999999996 0.001 0.5 2 0.02 1 1 0 1 1 0 1 0 0 1 0 0.10000000000000001 0.25 0.099000000000000005 0 0 0.59999999999999998 1.3999999999999999 0 100
2 0.10000000000000001 0 -9.8100000000000005 0.002 0 0 0.02 1 0.90000000000000002 0.94999999999999996 0.001 0.5 2 0.02 1 1 1 1 1 0 1 0 0 1 1 0.10000000000000001 0.25 0.099000000000000005 0 0 0.59999999999999998 1.3999999999999999 0 100
2 0.10000000000000001 0 -9.8100000000000005 0.002 0 0 0.02 1 0.90000000000000002 0.94999999999999996 0.001 0.5 3 0.02 1 0 1 1 1 0 1 0 0 1 0 0.10000000000000001 0.25 0.099000000000000005 0 0 0.59999999999999998 1.3999999999999999 0 100
2 0.10000000000000001 0 -9.8100000000000005 0.002 0 0 0.02 1 0.90000000000000002 0.94999999999999996 0.001 0.5 3 0.02 1 1 0 1 1 0 1 0 0 1 0 0.10000000000000001 0.25 0.099000000000000005 0 0 0.59999999999999998 1.3999999999999999 0 100
2 0.10000000000000001 0 -9.8100000000000005 0.002 0 0 0.02 1 0.90000000000000002 0.94999999999999996 0.001 0.5 3 0.02 1 1 1 1 1 0 1 0 0 1 1 0.10000000000000001 0.25 0.099000000000000005 0 0 0.59999999999999998 1.3999999999999999 0 100
2 0.10000000000000001 0 -9.8100000000000005 0.002 0 0 0.02 1 0.90000000000000002 0.94999999999999996 0.001 0.5 2 -1 1 1 1 1 1 0 1 1 0 1 0 -100 100 0.099000000000000005 0 0 0.10000000000000001 0.80000000000000004 0 1
2 0.10000000000000001 0 -9.8100000000000005 0.002 0 0 0.02 1 0.90000000000000002 0.94999999999999996 0.001 0.5 3 -1 1 1 1 1 1 0 1 1 0 1 0 -100 100 0.099000000000000005 0 0 0.10000000000000001 0.80000000000000004 0 1
2 0.10000000000000001 0 -9.8100000000000005 0.002 0 0 0.02 1 0.90000000000000002 0.94999999999999996 0.001 0.5 2 0 1 1 1 1 1 0 1 1 0 1 0 -100 100 0.099000000000000005 0 0 0.10000000000000001 0.80000000000000004 0 1
2 0.10000000000000001 0 -9.8100000000000005 0.002 0 0 0.02 1 0.90000000000000002 0.94999999999999996 0.001 0.5 3 0 1 1 1 1 1 0 1 1 0 1 0 -100 100 0.099000000000000005 0 0 0.10000000000000001 0.80000000000000004 0 1
2 0.10000000000000001 0 -9.8100000000000005 0.002 0 0 0.02 1 0.90000000000000002 0.94999999999999996 0.001 0.5 2 1.0000000000000001e-15 1 1 1 1 1 0 1 1 0 1 0 -100 100 0.099000000000000005 0 0 0.10000000000000001 0.80000000000000004 0 1
2 0.10000000000000001 0 -9.8100000000000005 0.002 0 0 0.02 1 0.90000000000000002 0.94999999999999996 0.001 0.5 3 1.0000000000000001e-15 1 1 1 1 1 0 1 1 0 1 0 -100 100 0.099000000000000005 0 0 0.10000000000000001 0.80000000000000004 0 1
2 0.10000000000000001 0 -9.8100000000000005 0.002 0 0 0.02 1 0.90000000000000002 0.94999999999999996 0.001 0.5 2 9.9999999999999995e-07 1 1 1 1 1 0 1 1 0 1 0 -100 100 0.099000000000000005 0 0 0.10000000000000001 0.80000000000000004 0 1
2 0.10000000000000001 0 -9.8100000000000005 0.002 0 0 0.02 1 0.90000000000000002 0.94999999999999996 0.001 0.5 3 9.9999999999999995e-07 1 1 1 1 1 0 1 1 0 1 0 -100 100 0.099000000000000005 0 0 0.10000000000000001 0.80000000000000004 0 1
2 0.10000000000000001 0 -9.8100000000000005 0.002 0 0 0.02 1 0.90000000000000002 0.94999999999999996 0.001 0.5 2 0.02 1 1 1 1 1 0 1 1 0 1 0 -100 100 0.099000000000000005 0 0 0.10000000000000001 0.80000000000000004 0 1
2 0.10000000000000001 0 -9.8100000000000005 0.002 0 0 0.02 1 0.90000000000000002 0.94999999999999996 0.001 0.5 3 0.02 1 1 1 1 1 0 1 1 0 1 0 -100 100 0.099000000000000005 0 0 0.10000000000000001 0.80000000000000004 0 1
2 0.10000000000000001 0 -9.8100000000000005 0.002 0 0 0.02 1 0.90000000000000002 0.94999999999999996 0.001 0.5 2 10000000000 1 1 1 1 1 0 1 1 0 1 0 -100 100 0.099000000000000005 0 0 0.10000000000000001 0.80000000000000004 0 1
2 0.10000000000000001 0 -9.8100000000000005 0.002 0 0 0.02 1 0.90000000000000002 0.94999999999999996 0.001 0.5 3 10000000000 1 1 1 1 1 0 1 1 0 1 0 -100 100 0.099000000000000005 0 0 0.10000000000000001 0.80000000000000004 0 1
2 0.10000000000000001 0 -9.8100000000000005 0.002 0 0 0.02 1 0.90000000000000002 0.94999999999999996 0.001 0.5 3 0.02 1 1 1 0 1 0 1 0 0 1 0 -100 100 0.099999999999999992 0 0 0.20000000000000001 0.69999999999999996 0 0
2 0.10000000000000001 0 -9.8100000000000005 0.002 0 0 0.02 1 0.90000000000000002 0.94999999999999996 0.001 0.5 3 0.02 1 1 1 0 1 0 1 0 0 1 0 -100 100 0.10000000000000001 0 0 0.20000000000000001 0.69999999999999996 0 0
2 0.10000000000000001 0 -9.8100000000000005 0.002 0 0 0.02 1 0.90000000000000002 0.94999999999999996 0.001 0.5 3 0.02 1 1 1 0 1 0 1 0 0 1 0 -100 100 0.10000000000000002 0 0 0.20000000000000001 0.69999999999999996 0 0
2 0.10000000000000001 0 -9.8100000000000005 0.002 0 0 0.02 1 0.90000000000000002 0.94999999999999996 0.001 0.5 3 0.02 1 1 1 0 1 0 1 0 0 1 0 -100 100 0.099999999999999992 0 0 0.20000000000000001 0.69999999999999996 0 0
2 0.10000000000000001 0 -9.8100000000000005 0.002 0 0 0.02 1 0.90000000000000002 0.94999999999999996 0.001 0.5 3 0.02 1 1 1 0 1 0 1 0 0 1 0 -100 100 0.10000000000000001 0 0 0.20000000000000001 0.69999999999999996 0 0
2 0.10000000000000001 0 -9.8100000000000005 0.002 0 0 0.02 1 0.90000000000000002 0.94999999999999996 0.001 0.5 3 0.02 1 1 1 0 1 0 1 0 0 1 0 -100 100 0.10000000000000002 0 0 0.20000000000000001 0.69999999999999996 0 0
2 0.10000000000000001 0 -9.8100000000000005 0.002 0 0 0.02 1 0.90000000000000002 0.94999999999999996 0.001 0.5 3 0.02 1 1 1 0 1 0 1 0 0 1 0 -100 100 0.099999999999999992 0 0 0.20000000000000001 0.69999999999999996 0 0
2 0.10000000000000001 0 -9.8100000000000005 0.002 0 0 0.02 1 0.90000000000000002 0.94999999999999996 0.001 0.5 3 0.02 1 1 1 0 1 0 1 0 0 1 0 -100 100 0.10000000000000001 0 0 0.20000000000000001 0.69999999999999996 0 0
2 0.10000000000000001 0 -9.8100000000000005 0.002 0 0 0.02 1 0.90000000000000002 0.94999999999999996 0.001 0.5 3 0.02 1 1 1 0 1 0 1 0 0 1 0 -100 100 0.10000000000000002 0 0 0.20000000000000001 0.69999999999999996 0 0
2 0.10000000000000001 0 -9.8100000000000005 0.002 0.01 0 0.02 1 0.90000000000000002 0.94999999999999996 0.001 0.5 3 0.02 1 1 1 0 1 0 1 0 0 1 0 -100 100 0.099999999999999992 0 0 0.20000000000000001 0.69999999999999996 0 0
2 0.10000000000000001 0 -9.8100000000000005 0.002 0.01 0 0.02 1 0.90000000000000002 0.94999999999999996 0.001 0.5 3 0.02 1 1 1 0 1 0 1 0 0 1 0 -100 100 0.10000000000000001 0 0 0.20000000000000001 0.69999999999999996 0 0
2 0.10000000000000001 0 -9.8100000000000005 0.002 0.01 0 0.02 1 0.90000000000000002 0.94999999999999996 0.001 0.5 3 0.02 1 1 1 0 1 0 1 0 0 1 0 -100 100 0.10000000000000002 0 0 0.20000000000000001 0.69999999999999996 0 0
2 0.10000000000000001 0 -9.8100000000000005 0.002 0.01 0 0.02 1 0.90000000000000002 0.94999999999999996 0.001 0.5 3 0.02 1 1 1 0 1 0 1 0 0 1 0 -100 100 0.10999999999999999 0 0 0.20000000000000001 0.69999999999999996 0 0
2 0.10000000000000001 0 -9.8100000000000005 0.002 0.01 0 0.02 1 0.90000000000000002 0.94999999999999996 0.001 0.5 3 0.02 1 1 1 0 1 0 1 0 0 1 0 -100 100 0.11 0 0 0.20000000000000001 0.69999999999999996 0 0
2 0.10000000000000001 0 -9.8100000000000005 0.002 0.01 0 0.02 1 0.90000000000000002 0.94999999999999996 0.001 0.5 3 0.02 1 1 1 0 1 0 1 0 0 1 0 -100 100 0.11000000000000001 0 0 0.20000000000000001 0.69999999999999996 0 0
2 0.10000000000000001 0 -9.8100000000000005 0.002 0.01 0 0.02 1 0.90000000000000002 0.94999999999999996 0.001 0.5 3 0.02 1 1 1 0 1 0 1 0 0 1 0 -100 100 0.10999999999999999 0 0 0.20000000000000001 0.69999999999999996 0 0
2 0.10000000000000001 0 -9.8100000000000005 0.002 0.01 0 0.02 1 0.90000000000000002 0.94999999999999996 0.001 0.5 3 0.02 1 1 1 0 1 0 1 0 0 1 0 -100 100 0.11 0 0 0.20000000000000001 0.69999999999999996 0 0
2 0.10000000000000001 0 -9.8100000000000005 0.002 0.01 0 0.02 1 0.90000000000000002 0.94999999999999996 0.001 0.5 3 0.02 1 1 1 0 1 0 1 0 0 1 0 -100 100 0.11000000000000001 0 0 0.20000000000000001 0.69999999999999996 0 0
2 0.10000000000000001 0 -9.8100000000000005 0.002 0.01 0.0050000000000000001 0.02 1 0.90000000000000002 0.94999999999999996 0.001 0.5 3 0.02 1 1 1 0 1 0 1 0 0 1 0 -100 100 0.099999999999999992 0 0 0.20000000000000001 0.69999999999999996 0 0
2 0.10000000000000001 0 -9.8100000000000005 0.002 0.01 0.0050000000000000001 0.02 1 0.90000000000000002 0.94999999999999996 0.001 0.5 3 0.02 1 1 1 0 1 0 1 0 0 1 0 -100 100 0.10000000000000001 0 0 0.20000000000000001 0.69999999999999996 0 0
2 0.10000000000000001 0 -9.8100000000000005 0.002 0.01 0.0050000000000000001 0.02 1 0.90000000000000002 0.94999999999999996 0.001 0.5 3 0.02 1 1 1 0 1 0 1 0 0 1 0 -100 100 0.10000000000000002 0 0 0.20000000000000001 0.69999999999999996 0 0
2 0.10000000000000001 0 -9.8100000000000005 0.002 0.01 0.0050000000000000001 0.02 1 0.90000000000000002 0.94999999999999996 0.001 0.5 3 0.02 1 1 1 0 1 0 1 0 0 1 0 -100 100 0.10999999999999999 0 0 0.20000000000000001 0.69999999999999996 0 0
2 0.10000000000000001 0 -9.8100000000000005 0.002 0.01 0.0050000000000000001 0.02 1 0.90000000000000002 0.94999999999999996 0.001 0.5 3 0.02 1 1 1 0 1 0 1 0 0 1 0 -100 100 0.11 0 0 0.20000000000000001 0.69999999999999996 0 0
2 0.10000000000000001 0 -9.8100000000000005 0.002 0.01 0.0050000000000000001 0.02 1 0.90000000000000002 0.94999999999999996 0.001 0.5 3 0.02 1 1 1 0 1 0 1 0 0 1 0 -100 100 0.11000000000000001 0 0 0.20000000000000001 0.69999999999999996 0 0
2 0.10000000000000001 0 -9.8100000000000005 0.002 0.01 0.0050000000000000001 0.02 1 0.90000000000000002 0.94999999999999996 0.001 0.5 3 0.02 1 1 1 0 1 0 1 0 0 1 0 -100 100 0.11499999999999999 0 0 0.20000000000000001 0.69999999999999996 0 0
2 0.10000000000000001 0 -9.8100000000000005 0.002 0.01 0.0050000000000000001 0.02 1 0.90000000000000002 0.94999999999999996 0.001 0.5 3 0.02 1 1 1 0 1 0 1 0 0 1 0 -100 100 0.115 0 0 0.20000000000000001 0.69999999999999996 0 0
2 0.10000000000000001 0 -9.8100000000000005 0.002 0.01 0.0050000000000000001 0.02 1 0.90000000000000002 0.94999999999999996 0.001 0.5 3 0.02 1 1 1 0 1 0 1 0 0 1 0 -100 100 0.11500000000000002 0 0 0.20000000000000001 0.69999999999999996 0 0
2 0.10000000000000001 0 -9.8100000000000005 0.002 0.01 0.02 0.02 1 0.90000000000000002 0.94999999999999996 0.001 0.5 3 0.02 1 1 1 0 1 0 1 0 0 1 0 -100 100 0.099999999999999992 0 0 0.20000000000000001 0.69999999999999996 0 0
2 0.10000000000000001 0 -9.8100000000000005 0.002 0.01 0.02 0.02 1 0.90000000000000002 0.94999999999999996 0.001 0.5 3 0.02 1 1 1 0 1 0 1 0 0 1 0 -100 100 0.10000000000000001 0 0 0.20000000000000001 0.69999999999999996 0 0
2 0.10000000000000001 0 -9.8100000000000005 0.002 0.01 0.02 0.02 1 0.90000000000000002 0.94999999999999996 0.001 0.5 3 0.02 1 1 1 0 1 0 1 0 0 1 0 -100 100 0.10000000000000002 0 0 0.20000000000000001 0.69999999999999996 0 0
2 0.10000000000000001 0 -9.8100000000000005 0.002 0.01 0.02 0.02 1 0.90000000000000002 0.94999999999999996 0.001 0.5 3 0.02 1 1 1 0 1 0 1 0 0 1 0 -100 100 0.10999999999999999 0 0 0.20000000000000001 0.69999999999999996 0 0
2 0.10000000000000001 0 -9.8100000000000005 0.002 0.01 0.02 0.02 1 0.90000000000000002 0.94999999999999996 0.001 0.5 3 0.02 1 1 1 0 1 0 1 0 0 1 0 -100 100 0.11 0 0 0.20000000000000001 0.69999999999999996 0 0
2 0.10000000000000001 0 -9.8100000000000005 0.002 0.01 0.02 0.02 1 0.90000000000000002 0.94999999999999996 0.001 0.5 3 0.02 1 1 1 0 1 0 1 0 0 1 0 -100 100 0.11000000000000001 0 0 0.20000000000000001 0.69999999999999996 0 0
2 0.10000000000000001 0 -9.8100000000000005 0.002 0.01 0.02 0.02 1 0.90000000000000002 0.94999999999999996 0.001 0.5 3 0.02 1 1 1 0 1 0 1 0 0 1 0 -100 100 0.12999999999999998 0 0 0.20000000000000001 0.69999999999999996 0 0
2 0.10000000000000001 0 -9.8100000000000005 0.002 0.01 0.02 0.02 1 0.90000000000000002 0.94999999999999996 0.001 0.5 3 0.02 1 1 1 0 1 0 1 0 0 1 0 -100 100 0.13 0 0 0.20000000000000001 0.69999999999999996 0 0
2 0.10000000000000001 0 -9.8100000000000005 0.002 0.01 0.02 0.02 1 0.90000000000000002 0.94999999999999996 0.001 0.5 3 0.02 1 1 1 0 1 0 1 0 0 1 0 -100 100 0.13000000000000003 0 0 0.20000000000000001 0.69999999999999996 0 0
3.7364706314908598 0.10000000000000001 0 -9.8100000000000005 0.002 0.01 0.02 0.02 1 0.90000000000000002 0.94999999999999996 0.001 0.5 3 0.089530177683819601 14.257101109715784 1 1 0 1 0 1 1 0 1 0 -100 100 0.1132468354580861 0.45945403311140898 0 0.53985861723199358 0.69578162657270992 -4.5015561903578059 10
0.88036597742232736 0.10000000000000001 0 -9.8100000000000005 0.002 0.01 0.02 0.02 1 0.90000000000000002 0.94999999999999996 0.001 0.5 3 0.12652807579383893 9.9468265274487493 1 1 1 1 0 1 1 0 1 0 -100 100 0.13641152180030264 0.51415600753230883 0 0.34383515731578362 0.93772552502027273 -4.2333931532440463 100
4.6578064227912535 0.10000000000000001 0 -9.8100000000000005 0.002 0.01 0.02 0.02 1 0.90000000000000002 0.94999999999999996 0.001 0.5 2 0.10608324097786669 0.91905135557969864 1 1 1 1 0 1 1 0 1 0 -100 100 0.13053441057295467 -0.87083776619048137 0 0.7052477534726791 0.36446533394260588 4.7806098959572214 0
3.9654643237486198 0.10000000000000001 0 -9.8100000000000005 0.002 0.01 0.02 0.02 1 0.90000000000000002 0.94999999999999996 0.001 0.5 1 0.089100937324557164 15.035131476736641 1 1 1 1 0 1 1 0 1 0 -100 100 0.1284783042205872 0.23773422140063682 0 0.59531802633098785 1.0484850091970512 -3.5396657329283929 1
3.6555104446104889 0.10000000000000001 0 -9.8100000000000005 0.002 0.01 0.02 0.02 1 0.90000000000000002 0.94999999999999996 0.001 0.5 0 0.11059873217474277 5.3032033541185513 1 1 0 1 0 1 1 0 1 0 -100 100 0.13367983760497454 -0.9196132646012829 0 0.52689569977021633 0.60227315534586356 -1.5703727564587555 10
4.272247877532509 0.10000000000000001 0 -9.8100000000000005 0.002 0.01 0.02 0.02 1 0.90000000000000002 0.94999999999999996 0.001 0.5 2 0.16532604703312231 5.048199062896539 1 1 1 1 0 1 1 0 1 0 -100 100 0.13774106877590012 -0.86648693477326355 0 0.29035966308986288 0.66471341373585213 -0.21488021056057161 0
4.4231946150082724 0.10000000000000001 0 -9.8100000000000005 0.002 0.01 0.02 0.02 1 0.90000000000000002 0.94999999999999996 0.001 0.5 2 0.15521583478483447 5.7502682755220302 1 1 1 1 0 1 1 0 1 0 -100 100 0.10675223984599176 0.46517252742221227 0 0.6237736886169889 1.156474471506848 1.9663930635346869 0
0.70186012511745888 0.10000000000000001 0 -9.8100000000000005 0.002 0.01 0.02 0.02 1 0.90000000000000002 0.94999999999999996 0.001 0.5 0 0.05082479504906505 0.26233716907375637 1 1 0 1 0 1 1 0 1 0 -100 100 0.13136636813358657 0.80282172969558929 0 0.059032551085510046 0.26132606647264445 1.6618169906216522 100
4.2158656687417517 0.10000000000000001 0 -9.8100000000000005 0.002 0.01 0.02 0.02 1 0.90000000000000002 0.94999999999999996 0.001 0.5 3 0.18613679471551406 14.911991165073175 1 1 0 1 0 1 1 0 1 0 -100 100 0.11197369207408668 -0.1790056804858593 0 0.67758964476943673 0.26885954687745894 3.0789677495478287 10
3.1822357543522672 0.10000000000000001 0 -9.8100000000000005 0.002 0.01 0.02 0.02 1 0.90000000000000002 0.94999999999999996 0.001 0.5 2 0.042387724813545163 16.151220719586497 1 1 0 1 0 1 1 0 1 0 -100 100 0.1106284245018696 -0.95370974159112487 0 0.091330857625413139 -0.11050493093274942 -1.0357222885906134 0
0.92414966121687436 0.10000000000000001 0 -9.8100000000000005 0.002 0.01 0.02 0.02 1 0.90000000000000002 0.94999999999999996 0.001 0.5 0 0.10241364832168418 15.498340264899387 1 1 0 1 0 1 1 0 1 0 -100 100 0.13373701785086498 0.83430192264726966 0 0.41538535217297445 0.71560379134282526 -1.3659071498701616 0
0.74014813377401878 0.10000000000000001 0 -9.8100000000000005 0.002 0.01 0.02 0.02 1 0.90000000000000002 0.94999999999999996 0.001 0.5 3 0.076457726996234376 19.28726439694309 1 1 0 1 0 1 1 0 1 0 -100 100 0.13207296182743175 -0.83585802481645799 0 0.71560528894200814 0.027087337865400379 0.10151827579761186 0
4.1562702079134342 0.10000000000000001 0 -9.8100000000000005 0.002 0.01 0.02 0.02 1 0.90000000000000002 0.94999999999999996 0.001 0.5 1 0.16115373673310124 8.351385228814916 1 1 0 1 0 1 1 0 1 0 -100 100 0.12016023368855064 0.060399954479544382 0 0.13696970604080347 0.90752798708100624 -0.89836941569454964 100
2.5663871497547319 0.10000000000000001 0 -9.8100000000000005 0.002 0.01 0.02 0.02 1 0.90000000000000002 0.94999999999999996 0.001 0.5 1 0.11131338866955388 10.528410080709282 1 1 0 1 0 1 1 0 1 0 -100 100 0.10327029247018039 -0.094263408715245633 0 0.46618782050716945 0.66010985331105987 3.7818358590833405 0
2.5297142950848728 0.10000000000000001 0 -9.8100000000000005 0.002 0.01 0.02 0.02 1 0.90000000000000002 0.94999999999999996 0.001 0.5 0 0.17884002214867442 10.583779196086468 1 1 0 1 0 1 1 0 1 0 -100 100 0.11667771585395913 -0.03274076618508448 0 0.6575382849591056 0.025645324254050222 0.83638920954552276 100
4.6423221584659373 0.10000000000000001 0 -9.8100000000000005 0.002 0.01 0.02 0.02 1 0.90000000000000002 0.94999999999999996 0.001 0.5 3 0.17875143351694667 7.1644681218036421 1 1 0 1 0 1 1 0 1 0 -100 100 0.11751497540086392 0.82657333359590912 0 0.049316778816229867 0.92122743968599208 -2.7411026075870248 1
3.3104440103073767 0.10000000000000001 0 -9.8100000000000005 0.002 0.01 0.02 0.02 1 0.90000000000000002 0.94999999999999996 0.001 0.5 0 0.031811317320114746 3.259148204656801 1 1 0 1 0 1 1 0 1 0 -100 100 0.11646029332641385 0.21566439294185136 0 0.73160007874140831 0.60508954768544942 0.68704874343045574 10
1.5329631531093031 0.10000000000000001 0 -9.8100000000000005 0.002 0.01 0.02 0.02 1 0.90000000000000002 0.94999999999999996 0.001 0.5 3 0.13121041957592752 5.4316851714272918 1 1 0 1 0 1 1 0 1 0 -100 100 0.12487821506866435 0.84929357275217066 0 0.5599787331709829 0.84856215215733966 -1.65646244447476 10
4.6877982940114471 0.10000000000000001 0 -9.8100000000000005 0.002 0.01 0.02 0.02 1 0.90000000000000002 0.94999999999999996 0.001 0.5 1 0.17964197529235926 3.6086612563497655 1 1 1 1 0 1 1 0 1 0 -100 100 0.11039382986746279 -0.24748428205876216 0 0.69621554865166169 -0.06273366036509706 -3.7123733390779545 100
2.3454097094576123 0.10000000000000001 0 -9.8100000000000005 0.002 0.01 0.02 0.02 1 0.90000000000000002 0.94999999999999996 0.001 0.5 1 0.091256812020559644 2.0604176239246663 1 1 1 1 0 1 1 0 1 0 -100 100 0.11855470614344668 0.43420030317937863 0 0.2560498404128918 1.1414546650571873 -1.8015059352075391 100
1.259277446445948 0.10000000000000001 0 -9.8100000000000005 0.002 0.01 0.02 0.02 1 0.90000000000000002 0.94999999999999996 0.001 0.5 2 0.13302800239570417 4.128954938919871 1 1 0 1 0 1 1 0 1 0 -100 100 0.13688901255696162 -0.775472885251135 0 0.59635438773286031 0.90245668881504915 -3.5555432679658949 0
0.75327694644524001 0.10000000000000001 0 -9.8100000000000005 0.002 0.01 0.02 0.02 1 0.90000000000000002 0.94999999999999996 0.001 0.5 3 0.15155810119839541 12.212636266660235 1 1 0 1 0 1 1 0 1 0 -100 100 0.13731356117473925 0.1098216508115375 0 0.76507828474859929 0.38449244549617906 -1.4276887662557449 10
2.8031480381660603 0.10000000000000001 0 -9.8100000000000005 0.002 0.01 0.02 0.02 1 0.90000000000000002 0.94999999999999996 0.001 0.5 3 0.16896223737975971 15.872295422462216 1 1 0 1 0 1 1 0 1 0 -100 100 0.10859932638932349 0.18462636173032698 0 0.17644989381220688 0.15869941973825891 -1.7616385094345812 100
4.706487229429853 0.10000000000000001 0 -9.8100000000000005 0.002 0.01 0.02 0.02 1 0.90000000000000002 0.94999999999999996 0.001 0.5 1 0.12734686518099403 2.1599535471041853 1 1 1 1 0 1 1 0 1 0 -100 100 0.10575837026965627 -0.0044517146897711246 0 0.60185253550489837 0.46391868514775297 2.8934819948154136 1
3.8589785208091403 0.10000000000000001 0 -9.8100000000000005 0.002 0.01 0.02 0.02 1 0.90000000000000002 0.94999999999999996 0.001 0.5 0 0.042789563500382863 3.9185224865796808 1 1 0 1 0 1 1 0 1 0 -100 100 0.12230750819568914 0.70172919078223117 0 0.48096368944773354 -0.023769470633540124 0.33358190958776124 10
4.4272001835127801 0.10000000000000001 0 -9.8100000000000005 0.002 0.01 0.02 0.02 1 0.90000000000000002 0.94999999999999996 0.001 0.5 2 0.14179305711638993 2.6133271015910964 1 1 1 1 0 1 1 0 1 0 -100 100 0.12928436058071907 -0.82691837555505221 0 0.63710233762719015 0.54110058694834628 -0.1681282894934446 0
4.3598764038437459 0.10000000000000001 0 -9.8100000000000005 0.002 0.01 0.02 0.02 1 0.90000000000000002 0.94999999999999996 0.001 0.5 3 0.17806744255244181 12.026293211778093 1 1 1 1 0 1 1 0 1 0 -100 100 0.12786139089444182 -0.65214151793392694 0 0.35330237267211279 0.75516598191985107 3.9079328677201097 0
4.1286976773142809 0.10000000000000001 0 -9.8100000000000005 0.002 0.01 0.02 0.02 1 0.90000000000000002 0.94999999999999996 0.001 0.5 2 0.01871516467402317 19.984645052384447 1 1 1 1 0 1 1 0 1 0 -100 100 0.11505387178734484 0.39508887486926758 0 0.058691281590945991 0.60548091854933594 -4.4577926295091999 100
2.7514852317034397 0.10000000000000001 0 -9.8100000000000005 0.002 0.01 0.02 0.02 1 0.90000000000000002 0.94999999999999996 0.001 0.5 0 0.072661803236442807 12.559283358961945 1 1 0 1 0 1 1 0 1 0 -100 100 0.12162558575047316 -0.89984106871243585 0 0.19674404344684088 0.65538076236253406 -4.654886536728827 0
1.6397062339378179 0.10000000000000001 0 -9.8100000000000005 0.002 0.01 0.02 0.02 1 0.90000000000000002 0.94999999999999996 0.001 0.5 0 0.057336988165315517 10.233965288127125 1 1 0 1 0 1 1 0 1 0 -100 100 0.12682530540622827 0.75075268293806818 0 0.36833576383073591 0.54604877527053874 -2.5626175016681629 10
4.8117186387215725 0.10000000000000001 0 -9.8100000000000005 0.002 0.01 0.02 0.02 1 0.90000000000000002 0.94999999999999996 0.001 0.5 2 0.19341343091695345 2.151624243019834 1 1 0 1 0 1 1 0 1 0 -100 100 0.11274586442368682 0.45792441997460087 0 0.30639961325073406 0.18960035993543423 1.7572778341387005 0
3.9815071508383508 0.10000000000000001 0 -9.8100000000000005 0.002 0.01 0.02 0.02 1 0.90000000000000002 0.94999999999999996 0.001 0.5 3 0.11129990273308182 15.210233356938485 1 1 0 1 0 1 1 0 1 0 -100 100 0.13881177571582778 -0.68396058303801444 0 0.080499849481447602 1.0719024064856908 1.2235718501734594 0
1.1081000199122597 0.10000000000000001 0 -9.8100000000000005 0.002 0.01 0.02 0.02 1 0.90000000000000002 0.94999999999999996 0.001 0.5 3 0.054810345099531865 14.278090783018726 1 1 0 1 0 1 1 0 1 0 -100 100 0.13880111516063293 -0.11994503661403932 0 0.65762018219232987 0.61331386501264773 0.45675313983910026 100
0.93502097804894002 0.10000000000000001 0 -9.8100000000000005 0.002 0.01 0.02 0.02 1 0.90000000000000002 0.94999999999999996 0.001 0.5 3 0.13872751415086595 8.4189810978823338 1 1 1 1 0 1 1 0 1 0 -100 100 0.12787024303620095 -0.7862854714541736 0 0.45508262824022494 0.95326790584893706 -1.823375128639003 1
2.2012654864283236 0.10000000000000001 0 -9.8100000000000005 0.002 0.01 0.02 0.02 1 0.90000000000000002 0.94999999999999996 0.001 0.5 1 0.11793872860171262 11.325005851849891 1 1 1 1 0 1 1 0 1 0 -100 100 0.096540864494062989 0.36729982908638847 0 0.58751139980790468 1.1942105364981201 -3.0712063466146491 100
4.9245831219201461 0.10000000000000001 0 -9.8100000000000005 0.002 0.01 0.02 0.02 1 0.90000000000000002 0.94999999999999996 0.001 0.5 1 0.15089330886791513 12.913483203421187 1 1 1 1 0 1 1 0 1 0 -100 100 0.13744455111120557 0.47122034683478686 0 0.47182849284408468 0.87551904626111554 0.35416812525633468 10
2.2471216050760212 0.10000000000000001 0 -9.8100000000000005 0.002 0.01 0.02 0.02 1 0.90000000000000002 0.94999999999999996 0.001 0.5 3 0.19070233154557686 19.951522031227679 1 1 1 1 0 1 1 0 1 0 -100 100 0.12919670204241124 -0.16889821723389153 0 0.63831507893637685 0.48636881842107488 1.6262606483089339 1
3.853525450627826 0.10000000000000001 0 -9.8100000000000005 0.002 0.01 0.02 0.02 1 0.90000000000000002 0.94999999999999996 0.001 0.5 3 0.028627540862457078 4.5152034402016517 1 1 0 1 0 1 1 0 1 0 -100 100 0.12211470732909445 0.27914731881710053 0 0.74368045743224009 0.84755401692531307 -3.340802999050656 100
1.4022988484098182 0.10000000000000001 0 -9.8100000000000005 0.002 0.01 0.02 0.02 1 0.90000000000000002 0.94999999999999996 0.001 0.5 3 0.12929756651705432 18.972474682348011 1 1 1 1 0 1 1 0 1 0 -100 100 0.12302361623016325 0.056614460989871773 0 0.239296691318126 0.7239818090840664 -1.381103427212016 1
3.4590708778272763 0.10000000000000001 0 -9.8100000000000005 0.002 0.01 0.02 0.02 1 0.90000000000000002 0.94999999999999996 0.001 0.5 3 0.14574822981837335 13.127194790780754 1 1 0 1 0 1 1 0 1 0 -100 100 0.1067581606747727 0.4848098368473972 0 0.057166200124895108 1.0080589107072007 -4.5016170962972311 10
4.720448771150811 0.10000000000000001 0 -9.8100000000000005 0.002 0.01 0.02 0.02 1 0.90000000000000002 0.94999999999999996 0.001 0.5 2 0.095401824404419341 3.0090708937369648 1 1 1 1 0 1 1 0 1 0 -100 100 0.1359347178134685 -0.39011192896506364 0 0.72945839600312123 0.96986341120343122 -4.1909480366823839 100
4.7702621722353884 0.10000000000000001 0 -9.8100000000000005 0.002 0.01 0.02 0.02 1 0.90000000000000002 0.94999999999999996 0.001 0.5 1 0.078416820180589472 14.272190243630234 1 1 1 1 0 1 1 0 1 0 -100 100 0.10786490972075098 0.75601400917760286 0 0.15538368269485039 0.094414161422177179 -2.8537234290621418 10
1.588074782896147 0.10000000000000001 0 -9.8100000000000005 0.002 0.01 0.02 0.02 1 0.90000000000000002 0.94999999999999996 0.001 0.5 0 0.037920632670125277 5.3759894221383657 1 1 1 1 0 1 1 0 1 0 -100 100 0.1346276617742117 0.87104180793272135 0 0.14280849346087843 0.85691004108278856 -2.5545905566255032 100
2.7685868676722643 0.10000000000000001 0 -9.8100000000000005 0.002 0.01 0.02 0.02 1 0.90000000000000002 0.94999999999999996 0.001 0.5 2 0.048866984531041636 13.225849417211723 1 1 1 1 0 1 1 0 1 0 -100 100 0.12142945701458052 0.38058584420932506 0 0.12880679264992265 0.31867557433108368 -3.8441989451187664 10
2.235263727325989 0.10000000000000001 0 -9.8100000000000005 0.002 0.01 0.02 0.02 1 0.90000000000000002 0.94999999999999996 0.001 0.5 3 0.10537988302387548 4.357036660386564 1 1 0 1 0 1 1 0 1 0 -100 100 0.11845836633124661 -0.43251129676328559 0 0.5896044402341879 0.21806280003411471 1.6865476796592098 0
1.5072423096643257 0.10000000000000001 0 -9.8100000000000005 0.002 0.01 0.02 0.02 1 0.90000000000000002 0.94999999999999996 0.001 0.5 2 0.11596998289095176 5.9458682299523957 1 1 1 1 0 1 1 0 1 0 -100 100 0.099310374969493673 -0.64283909635080239 0 0.30974417445246277 0.8488814774512079 4.0265632578684567 0
1.0186716398857834 0.10000000000000001 0 -9.8100000000000005 0.002 0.01 0.02 0.02 1 0.90000000000000002 0.94999999999999996 0.001 0.5 1 0.14555744160840506 8.1661653620976402 1 1 0 1 0 1 1 0 1 0 -100 100 0.13615614860655698 -0.10768617341665143 0 0.32414052663391302 0.96903466778063252 0.1712366196340751 0
2.7049745951138422 0.10000000000000001 0 -9.8100000000000005 0.002 0.01 0.02 0.02 1 0.90000000000000002 0.94999999999999996 0.001 0.5 3 0.11696980465644835 14.642164347188693 1 1 1 1 0 1 1 0 1 0 -100 100 0.11767752327139724 0.096002827974684068 0 0.45951846385637873 0.79031440830408872 -1.195306272172262 10
0.79461467120874385 0.10000000000000001 0 -9.8100000000000005 0.002 0.01 0.02 0.02 1 0.90000000000000002 0.94999999999999996 0.001 0.5 0 0.078910749317932127 13.00747181394801 1 1 1 1 0 1 1 0 1 0 -100 100 0.13455826026765774 -0.68032605589660622 0 0.21457710459713653 0.18542442623523492 3.9689592642634928 100
2.2263271418255348 0.10000000000000001 0 -9.8100000000000005 0.002 0.01 0.02 0.02 1 0.90000000000000002 0.94999999999999996 0.001 0.5 1 0.028265747343568882 8.4260973402749322 1 1 1 1 0 1 1 0 1 0 -100 100 0.10408583975420194 -0.7114334358343799 0 0.26812211548068804 0.45116182390275977 1.8626332360906357 1
2.6783337386900961 0.10000000000000001 0 -9.8100000000000005 0.002 0.01 0.02 0.02 1 0.90000000000000002 0.94999999999999996 0.001 0.5 3 0.10663218439454546 4.965336524285684 1 1 0 1 0 1 1 0 1 0 -100 100 0.12820200308844695 -0.085336272983419725 0 0.76959186129903023 0.98022858138736813 0.43501149115149662 1
3.888323386409879 0.10000000000000001 0 -9.8100000000000005 0.002 0.01 0.02 0.02 1 0.90000000000000002 0.94999999999999996 0.001 0.5 2 0.15711488789740033 16.970881787187793 1 1 0 1 0 1 1 0 1 0 -100 100 0.12360400507055797 0.7703474371833452 0 0.076145750480478391 0.30007295732098566 2.8185069142216239 10
4.1850497429716924 0.10000000000000001 0 -9.8100000000000005 0.002 0.01 0.02 0.02 1 0.90000000000000002 0.94999999999999996 0.001 0.5 0 0.17123554200632157 19.110113176605207 1 1 1 1 0 1 1 0 1 0 -100 100 0.1173808173990236 -0.14746080659321414 0 0.64951923363036468 -0.14857186103602116 -4.1989752221522139 10
0.5148675273505583 0.10000000000000001 0 -9.8100000000000005 0.002 0.01 0.02 0.02 1 0.90000000000000002 0.94999999999999996 0.001 0.5 1 0.15812177225191795 15.905957206495515 1 1 0 1 0 1 1 0 1 0 -100 100 0.10157384239948068 0.48860192094866184 0 0.038595844091166231 -0.12708551965504611 -0.68631578797838788 1
1.8965973891295984 0.10000000000000001 0 -9.8100000000000005 0.002 0.01 0.02 0.02 1 0.90000000000000002 0.94999999999999996 0.001 0.5 1 0.10362111194447671 10.011739772315234 1 1 1 1 0 1 1 0 1 0 -100 100 0.13156136816564007 0.37249137673441579 0 0.39124028778466891 0.51341597012411033 -1.5720515948172809 10
2.0379104456176158 0.10000000000000001 0 -9.8100000000000005 0.002 0.01 0.02 0.02 1 0.90000000000000002 0.94999999999999996 0.001 0.5 2 0.10861517086500123 10.438943778170646 1 1 0 1 0 1 1 0 1 0 -100 100 0.11144571275334549 0.80291664836313381 0 0.57404368308846687 0.28585142890745585 4.6876384055257194 100
3.274588082956615 0.10000000000000001 0 -9.8100000000000005 0.002 0.01 0.02 0.02 1 0.90000000000000002 0.94999999999999996 0.001 0.5 0 0.10461202150175644 8.6513181457348125 1 1 0 1 0 1 1 0 1 0 -100 100 0.098526894570165405 0.97820720466918099 0 0.64732537524564426 0.61708717936885571 -4.8912342629422509 1
2.6701858391870092 0.10000000000000001 0 -9.8100000000000005 0.002 0.01 0.02 0.02 1 0.90000000000000002 0.94999999999999996 0.001 0.5 2 0.11152896244502121 6.6420801316391671 1 1 0 1 0 1 1 0 1 0 -100 100 0.12912792687456751 0.057466222075113205 0 0.69256067792098863 0.052096729889989091 3.0058689699351486 0
3.746072504624737 0.10000000000000001 0 -9.8100000000000005 0.002 0.01 0.02 0.02 1 0.90000000000000002 0.94999999999999996 0.001 0.5 0 0.1237041371052708 18.091597832795905 1 1 0 1 0 1 1 0 1 0 -100 100 0.1003675898831561 0.70858194072955194 0 0.62505000614398631 0.090368981395739234 -3.1329666543173875 10
2.7271580318565367 0.10000000000000001 0 -9.8100000000000005 0.002 0.01 0.02 0.02 1 0.90000000000000002 0.94999999999999996 0.001 0.5 1 0.066948560351273723 14.307452504169742 1 1 1 1 0 1 1 0 1 0 -100 100 0.13115066412485152 0.96367067483820645 0 0.081827116004400763 0.83426933009220128 4.1544364747591107 0
2.7101020681468881 0.10000000000000001 0 -9.8100000000000005 0.002 0.01 0.02 0.02 1 0.90000000000000002 0.94999999999999996 0.001 0.5 0 0.17225028176468823 13.500788388333492 1 1 1 1 0 1 1 0 1 0 -100 100 0.10516522887371738 -0.28232232648398981 0 0.37813983345469798 -0.068584023035808545 3.6766294454999624 1
4.0901484936959864 0.10000000000000001 0 -9.8100000000000005 0.002 0.01 0.02 0.02 1 0.90000000000000002 0.94999999999999996 0.001 0.5 2 0.13621756047444375 10.534546961663009 1 1 0 1 0 1 1 0 1 0 -100 100 0.11270261849996217 0.5256864664338321 0 0.37195339530880828 0.19531234918942797 -0.014454392803580518 0
1.686057073561126 0.10000000000000001 0 -9.8100000000000005 0.002 0.01 0.02 0.02 1 0.90000000000000002 0.94999999999999996 0.001 0.5 0 0.19143442403404418 13.632725125961214 1 1 0 1 0 1 1 0 1 0 -100 100 0.1309319481496565 -0.93115330614478631 0 0.47694641981620978 0.37859211323627123 0.53957937368370779 10
0.57358381877182718 0.10000000000000001 0 -9.8100000000000005 0.002 0.01 0.02 0.02 1 0.90000000000000002 0.94999999999999996 0.001 0.5 3 0.19943287793193956 19.019839047592694 1 1 0 1 0 1 1 0 1 0 -100 100 0.12269373965164958 -0.21877055868214357 0 0.46549919749673307 0.97640960383191899 -0.96780766873358459 10
3.5276039981132521 0.10000000000000001 0 -9.8100000000000005 0.002 0.01 0.02 0.02 1 0.90000000000000002 0.94999999999999996 0.001 0.5 1 0.070442157734590713 16.837303690023916 1 1 1 1 0 1 1 0 1 0 -100 100 0.12323531036840203 0.87079868165643326 0 0.38276357838552411 0.32492090183559591 -3.0312360044798679 100
3.8381605510929617 0.10000000000000001 0 -9.8100000000000005 0.002 0.01 0.02 0.02 1 0.90000000000000002 0.94999999999999996 0.001 0.5 3 0.11669438499211308 8.788026055487359 1 1 1 1 0 1 1 0 1 0 -100 100 0.10509381570351128 -0.83889214872096662 0 0.6608996664576684 0.44795170973593507 4.0797911849035824 0
2.1160575228509377 0.10000000000000001 0 -9.8100000000000005 0.002 0.01 0.02 0.02 1 0.90000000000000002 0.94999999999999996 0.001 0.5 3 0.18305100567908419 11.323200436701089 1 1 1 1 0 1 1 0 1 0 -100 100 0.1354820152531892 -0.69230841825732536 0 0.47674823851034098 0.21392495115618748 2.9981390313003589 10
3.8346427596651984 0.10000000000000001 0 -9.8100000000000005 0.002 0.01 0.02 0.02 1 0.90000000000000002 0.94999999999999996 0.001 0.5 3 0.065588921801634989 16.198809146610245 1 1 1 1 0 1 1 0 1 0 -100 100 0.11272054109235979 0.94587882519893296 0 0.48005934927991967 0.65549494554148047 2.6984025278808677 1
4.7806738095651307 0.10000000000000001 0 -9.8100000000000005 0.002 0.01 0.02 0.02 1 0.90000000000000002 0.94999999999999996 0.001 0.5 2 0.12317549855012203 6.1956978591692486 1 1 0 1 0 1 1 0 1 0 -100 100 0.13568906678601009 0.058109850081514702 0 0.45812672652081815 -0.039358396594628808 -4.2016441500061497 0
3.301127781612025 0.10000000000000001 0 -9.8100000000000005 0.002 0.01 0.02 0.02 1 0.90000000000000002 0.94999999999999996 0.001 0.5 2 0.15057032712729229 4.9847704951201237 1 1 0 1 0 1 1 0 1 0 -100 100 0.11417094607465982 -0.40980654755116808 0 0.29635364836487527 -0.14583050324090854 3.080373605150923 100
1.8814697921587433 0.10000000000000001 0 -9.8100000000000005 0.002 0.01 0.02 0.02 1 0.90000000000000002 0.94999999999999996 0.001 0.5 1 0.053822950213198446 1.158300671345629 1 1 1 1 0 1 1 0 1 0 -100 100 0.11834601726685172 0.73959343963802504 0 0.66971488334733809 0.97874024363651779 1.660504206955828 100
3.4334863998309268 0.10000000000000001 0 -9.8100000000000005 0.002 0.01 0.02 0.02 1 0.90000000000000002 0.94999999999999996 0.001 0.5 0 0.13561117885236187 13.313583171536818 1 1 0 1 0 1 1 0 1 0 -100 100 0.11875496874146786 0.6137541107752793 0 0.29904797703661673 -0.12855666733667975 0.46220905803013501 100
1.3064383285248531 0.10000000000000001 0 -9.8100000000000005 0.002 0.01 0.02 0.02 1 0.90000000000000002 0.94999999999999996 0.001 0.5 2 0.049074485492586008 16.087057580144087 1 1 1 1 0 1 1 0 1 0 -100 100 0.10936276953830565 0.76539782984125115 0 0.171919355161055 0.040782302897997003 -4.7782497480785269 10
3.0532439097088133 0.10000000000000001 0 -9.8100000000000005 0.002 0.01 0.02 0.02 1 0.90000000000000002 0.94999999999999996 0.001 0.5 0 0.081304423504546627 1.1769941033766118 1 1 1 1 0 1 1 0 1 0 -100 100 0.13082483781388121 0.4993832656286632 0 0.11942126547822803 0.48260356809832122 -2.059789457575997 100
0.68402899195161138 0.10000000000000001 0 -9.8100000000000005 0.002 0.01 0.02 0.02 1 0.90000000000000002 0.94999999999999996 0.001 0.5 1 0.15488691673812008 9.6990482563010545 1 1 0 1 0 1 1 0 1 0 -100 100 0.09623117064435506 0.28241944200475411 0 0.1835821433886837 0.20097733402347689 3.9698989958747113 10
2.612807358803499 0.10000000000000001 0 -9.8100000000000005 0.002 0.01 0.02 0.02 1 0.90000000000000002 0.94999999999999996 0.001 0.5 0 0.11306620670595062 6.9106094749234099 1 1 0 1 0 1 1 0 1 0 -100 100 0.12803236019493 0.026789718038791932 0 0.73229148666788657 1.0349754338680044 0.31784050075420822 1
1.2949792145618209 0.10000000000000001 0 -9.8100000000000005 0.002 0.01 0.02 0.02 1 0.90000000000000002 0.94999999999999996 0.001 0.5 1 0.15404352836408147 4.3880828544049848 1 1 1 1 0 1 1 0 1 0 -100 100 0.12638601737792507 -0.85909160394724049 0 0.2660880432279451 0.59839572094906068 -2.1392239462291696 10
3.3724001113030928 0.10000000000000001 0 -9.8100000000000005 0.002 0.01 0.02 0.02 1 0.90000000000000002 0.94999999999999996 0.001 0.5 0 0.086711635760504516 1.162537135102113 1 1 1 1 0 1 1 0 1 0 -100 100 0.096332141881536562 -0.43915845393212516 0 0.73631652226113553 0.45936904944213791 -3.9049312256305537 1
4.7206020390694849 0.10000000000000001 0 -9.8100000000000005 0.002 0.01 0.02 0.02 1 0.90000000000000002 0.94999999999999996 0.001 0.5 3 0.19609675037819216 0.81137743306335608 1 1 0 1 0 1 1 0 1 0 -100 100 0.10787389246209006 0.55103839774106933 0 0.62161439737993973 1.1283224544253074 -3.8693555735084804 1
4.4576223602544438 0.10000000000000001 0 -9.8100000000000005 0.002 0.01 0.02 0.02 1 0.90000000000000002 0.94999999999999996 0.001 0.5 1 0.043084363227530446 12.705033733590135 1 1 0 1 0 1 1 0 1 0 -100 100 0.13397135181781644 0.82522523499037703 0 0.24234347240014539 -0.084967890731415349 -0.77797631449959681 0
3.3376339579681602 0.10000000000000001 0 -9.8100000000000005 0.002 0.01 0.02 0.02 1 0.90000000000000002 0.94999999999999996 0.001 0.5 0 0.12953080512981399 2.2468828513212635 1 1 0 1 0 1 1 0 1 0 -100 100 0.13491100700195488 -0.30534000782065562 0 0.65676896168561538 1.1581656096875874 0.38332855786863274 10
3.4253368265231519 0.10000000000000001 0 -9.8100000000000005 0.002 0.01 0.02 0.02 1 0.90000000000000002 0.94999999999999996 0.001 0.5 0 0.1566752603437889 3.889909226296544 1 1 0 1 0 1 1 0 1 0 -100 100 0.097185443563783697 0.7712976523665005 0 0.26562394187727129 0.4590413734709346 1.2385846393164188 1
3.9058021476273663 0.10000000000000001 0 -9.8100000000000005 0.002 0.01 0.02 0.02 1 0.90000000000000002 0.94999999999999996 0.001 0.5 2 0.18696467015553883 15.049033907210678 1 1 0 1 0 1 1 0 1 0 -100 100 0.1305975884495012 0.020225627042403493 0 0.052118255643412416 -0.13378078349067135 1.855444307330929 100
1.1347082371430075 0.10000000000000001 0 -9.8100000000000005 0.002 0.01 0.02 0.02 1 0.90000000000000002 0.94999999999999996 0.001 0.5 2 0.033173975007383803 15.879649655132264 1 1 0 1 0 1 1 0 1 0 -100 100 0.10819330419564269 0.26351583316583627 0 0.049695058458725155 0.76358474922644315 -3.806725683389617 0
1.0496219577004178 0.10000000000000001 0 -9.8100000000000005 0.002 0.01 0.02 0.02 1 0.90000000000000002 0.94999999999999996 0.001 0.5 1 0.079037815664023958 2.7033327521409722 1 1 0 1 0 1 1 0 1 0 -100 100 0.1199320018204591 -0.82061568284437381 0 0.79978265958600003 0.26743516611168294 -4.6706800547533476 1
2.3888570201464239 0.10000000000000001 0 -9.8100000000000005 0.002 0.01 0.02 0.02 1 0.90000000000000002 0.94999999999999996 0.001 0.5 2 0.18177136974360353 14.992603424586727 1 1 0 1 0 1 1 0 1 0 -100 100 0.1122860824791955 -0.59458233730350818 0 0.39027332342851573 0.75288162587607466 -0.38000956873011305 1
2.7418516111914286 0.10000000000000001 0 -9.8100000000000005 0.002 0.01 0.02 0.02 1 0.90000000000000002 0.94999999999999996 0.001 0.5 0 0.023369548204641322 15.917977728554444 1 1 1 1 0 1 1 0 1 0 -100 100 0.099876262034462343 0.9952355210711421 0 0.5232094324652663 0.25998867933856218 -3.9227471605553865 10
3.8842652581374892 0.10000000000000001 0 -9.8100000000000005 0.002 0.01 0.02 0.02 1 0.90000000000000002 0.94999999999999996 0.001 0.5 0 0.13398430678661502 4.9954193504104971 1 1 0 1 0 1 1 0 1 0 -100 100 0.12646063257035361 0.81589919599080574 0 0.32136139485443738 1.0015094996706067 -4.0395926621302785 0
1.9488653938171412 0.10000000000000001 0 -9.8100000000000005 0.002 0.01 0.02 0.02 1 0.90000000000000002 0.94999999999999996 0.001 0.5 2 0.049380391815989945 0.20014879250344952 1 1 0 1 0 1 1 0 1 0 -100 100 0.11248834049125808 -0.75564922446200455 0 0.21006713956362041 0.33436470919200872 -1.5100601124985289 10
3.681189471858783 0.10000000000000001 0 -9.8100000000000005 0.002 0.01 0.02 0.02 1 0.90000000000000002 0.94999999999999996 0.001 0.5 3 0.18654747091588839 14.710528082202728 1 1 1 1 0 1 1 0 1 0 -100 100 0.13340295830390198 0.2374563877169984 0 0.26249095044120713 -0.1915399840338842 1.2652665343930298 1
2.4432695431720779 0.10000000000000001 0 -9.8100000000000005 0.002 0.01 0.02 0.02 1 0.90000000000000002 0.94999999999999996 0.001 0.5 1 0.10198640934886377 16.983524928246169 1 1 0 1 0 1 1 0 1 0 -100 100 0.10588811487789268 -0.9506274096770877 0 0.64538667260763649 0.97271131045140868 -2.6599358653303407 0
3.2110983204824595 0.10000000000000001 0 -9.8100000000000005 0.002 0.01 0.02 0.02 1 0.90000000000000002 0.94999999999999996 0.001 0.5 2 0.031067910363523916 2.7348388436785953 1 1 0 1 0 1 1 0 1 0 -100 100 0.11806271942840522 0.23595371504500195 0 0.17699937094455837 0.88017103393266938 3.9757893950693273 0
0.66890539416651684 0.10000000000000001 0 -9.8100000000000005 0.002 0.01 0.02 0.02 1 0.90000000000000002 0.94999999999999996 0.001 0.5 1 0.12154636391426772 17.881358646133688 1 1 0 1 0 1 1 0 1 0 -100 100 0.10886767639187665 -0.9652755021565107 0 0.70727119379990633 0.46028510452495625 -4.1547268021871417 100
3.1945045705948343 0.10000000000000001 0 -9.8100000000000005 0.002 0.01 0.02 0.02 1 0.90000000000000002 0.94999999999999996 0.001 0.5 3 0.10743304954131666 10.752826037124999 1 1 1 1 0 1 1 0 1 0 -100 100 0.13749062123414227 0.56461793556650819 0 0.17160806680386287 0.060196788485162023 1.3471666969151643 10
4.4930358357014377 0.10000000000000001 0 -9.8100000000000005 0.002 0.01 0.02 0.02 1 0.90000000000000002 0.94999999999999996 0.001 0.5 0 0.057114587135822639 12.696796306172732 1 1 1 1 0 1 1 0 1 0 -100 100 0.13421777018538525 0.71400746696729023 0 0.53294832811066684 0.1933669894803518 -0.10713122985120282 100
1.8459793956125132 0.10000000000000001 0 -9.8100000000000005 0.002 0.01 0.02 0.02 1 0.90000000000000002 0.94999999999999996 0.001 0.5 3 0.050446848366423103 6.1167901981442192 1 1 0 1 0 1 1 0 1 0 -100 100 0.13477090889543564 -0.30750343395256441 0 0.69749079848551387 0.78923728137346427 -4.1052088473597266 0
4.0086453646909206 0.10000000000000001 0 -9.8100000000000005 0.002 0.01 0.02 0.02 1 0.90000000000000002 0.94999999999999996 0.001 0.5 3 0.1029077475227632 9.2948710161265069 1 1 1 1 0 1 1 0 1 0 -100 100 0.12802310267643741 0.31133162294995564 0 0.085832594932347031 1.0810906899839436 -2.3320748010628432 100
1.326178712771648 0.10000000000000001 0 -9.8100000000000005 0.002 0.01 0.02 0.02 1 0.90000000000000002 0.94999999999999996 0.001 0.5 1 0.121674168512657 0.60910100773822862 1 1 1 1 0 1 1 0 1 0 -100 100 0.11101570292972074 0.60629616354204785 0 0.32362228044038288 0.84494129138773344 -4.1558758070680586 1
0.57708614399557068 0.10000000000000001 0 -9.8100000000000005 0.002 0.01 0.02 0.02 1 0.90000000000000002 0.94999999999999996 0.001 0.5 2 0.077908270151408304 6.0206998241422909 1 1 1 1 0 1 1 0 1 0 -100 100 0.12083399309824358 -0.027492631679078672 0 0.39176215766090206 0.85919488255454879 4.5338021375777906 10
1.1876055868735815 0.10000000000000001 0 -9.8100000000000005 0.002 0.01 0.02 0.02 1 0.90000000000000002 0.94999999999999996 0.001 0.5 0 0.086183992078802701 4.7838172479475993 1 1 0 1 0 1 1 0 1 0 -100 100 0.12915960767664472 0.55174068468615722 0 0.3446655140505766 -0.10788504919267651 -2.4304125759249331 0
0.97551779150284701 0.10000000000000001 0 -9.8100000000000005 0.002 0.01 0.02 0.02 1 0.90000000000000002 0.94999999999999996 0.001 0.5 3 0.11415945217339189 14.188158773693848 1 1 1 1 0 1 1 0 1 0 -100 100 0.13474018666189674 0.97235132495414001 0 0.048722625870638761 0.2996404830356445 -0.59947222615068352 0
3.69560403726515 0.10000000000000001 0 -9.8100000000000005 0.002 0.01 0.02 0.02 1 0.90000000000000002 0.94999999999999996 0.001 0.5 2 0.05041950328499329 4.6429897902553741 1 1 0 1 0 1 1 0 1 0 -100 100 0.13052056098184545 -0.57322064146114338 0 0.47307148675607541 0.54918031217455932 0.47290595639397104 0
2.8224638712066277 0.10000000000000001 0 -9.8100000000000005 0.002 0.01 0.02 0.02 1 0.90000000000000002 0.94999999999999996 0.001 0.5 1 0.11536959651879404 6.271092165788712 1 1 1 1 0 1 1 0 1 0 -100 100 0.13685141168124518 0.45433657036347697 0 0.3367144755959971 0.39912775445085286 -4.918234301722749 100
0.90589173606238405 0.10000000000000001 0 -9.8100000000000005 0.002 0.01 0.02 0.02 1 0.90000000000000002 0.94999999999999996 0.001 0.5 2 0.12412571801176588 13.801439717330815 1 1 1 1 0 1 1 0 1 0 -100 100 0.09751591624463829 -0.88473458385015835 0 0.75222147189312172 0.9394873028463715 -2.5564689516855288 100
4.3875553476600073 0.10000000000000001 0 -9.8100000000000005 0.002 0.01 0.02 0.02 1 0.90000000000000002 0.94999999999999996 0.001 0.5 3 0.097260730254713421 7.9897602330670132 1 1 0 1 0 1 1 0 1 0 -100 100 0.10395346272874111 -0.39847463690404439 0 0.66884393998014458 0.26321109210647925 -0.076799715559455528 0
2.621529327164378 0.10000000000000001 0 -9.8100000000000005 0.002 0.01 0.02 0.02 1 0.90000000000000002 0.94999999999999996 0.001 0.5 1 0.095517085016411832 17.549100278566076 1 1 0 1 0 1 1 0 1 0 -100 100 0.096357529296276029 -0.033148552336749182 0 0.43257227732305065 0.17905101914295268 2.7194404709534048 0
1.5554959535622894 0.10000000000000001 0 -9.8100000000000005 0.002 0.01 0.02 0.02 1 0.90000000000000002 0.94999999999999996 0.001 0.5 3 0.1761698304768807 11.735410842014645 1 1 1 1 0 1 1 0 1 0 -100 100 0.12209382455986167 0.016345466897748295 0 0.77357729919820428 0.98743094266132414 0.5502400579775335 100
4.7374490684773773 0.10000000000000001 0 -9.8100000000000005 0.002 0.01 0.02 0.02 1 0.90000000000000002 0.94999999999999996 0.001 0.5 0 0.087859729615237386 7.9132957266758925 1 1 1 1 0 1 1 0 1 0 -100 100 0.11271199006119341 0.09464868510294977 0 0.46136661748200175 0.93598204544231889 4.4811044843323078 100
3.8821611333055666 0.10000000000000001 0 -9.8100000000000005 0.002 0.01 0.02 0.02 1 0.90000000000000002 0.94999999999999996 0.001 0.5 1 0.14903889539365767 6.0865334217594391 1 1 1 1 0 1 1 0 1 0 -100 100 0.10515088025687694 -0.80307148566316977 0 0.16900608615882107 -0.049048380318651441 -3.7519032787049724 10
4.3312631001145645 0.10000000000000001 0 -9.8100000000000005 0.002 0.01 0.02 0.02 1 0.90000000000000002 0.94999999999999996 0.001 0.5 0 0.055647062745289563 8.8672490123714898 1 1 0 1 0 1 1 0 1 0 -100 100 0.12782292233305065 -0.99883815373298157 0 0.70046690125564948 -0.096102536354383636 1.9307676405956284 100
2.7773092793364711 0.10000000000000001 0 -9.8100000000000005 0.002 0.01 0.02 0.02 1 0.90000000000000002 0.94999999999999996 0.001 0.5 1 0.13480931337184721 19.303274699407478 1 1 1 1 0 1 1 0 1 0 -100 100 0.11610466073455647 0.22158165245829986 0 0.056702335526869964 -0.16095634894679678 3.7658497158129958 100
3.797345910422675 0.10000000000000001 0 -9.8100000000000005 0.002 0.01 0.02 0.02 1 0.90000000000000002 0.94999999999999996 0.001 0.5 3 0.013987484471224543 6.4690551916778816 1 1 0 1 0 1 1 0 1 0 -100 100 0.10956319121368369 -0.45194428001136089 0 0.20698454516602149 0.17674879378911179 -0.77975142918131723 0
2.5269113983285365 0.10000000000000001 0 -9.8100000000000005 0.002 0.01 0.02 0.02 1 0.90000000000000002 0.94999999999999996 0.001 0.5 1 0.15578927585848665 0.35728884772765701 1 1 0 1 0 1 1 0 1 0 -100 100 0.10171442309601846 -0.50922150359903329 0 0.36080370306137255 -0.11711464945202699 2.0733579339164159 10
1.5112997926670062 0.10000000000000001 0 -9.8100000000000005 0.002 0.01 0.02 0.02 1 0.90000000000000002 0.94999999999999996 0.001 0.5 1 0.029473147017640901 11.672298561165649 1 1 1 1 0 1 1 0 1 0 -100 100 0.11541588497403286 -0.22060185525174658 0 0.35099853258909203 0.40389309453007932 3.963798457373418 100
0.58675609554874897 0.10000000000000001 0 -9.8100000000000005 0.002 0.01 0.02 0.02 1 0.90000000000000002 0.94999999999999996 0.001 0.5 2 0.0792659518328689 4.3978429749415486 1 1 0 1 0 1 1 0 1 0 -100 100 0.10367370429005619 -0.8597047076241322 0 0.7412853166961999 0.77538548222680315 -2.9605325881265987 1
1.3535837861066962 0.10000000000000001 0 -9.8100000000000005 0.002 0.01 0.02 0.02 1 0.90000000000000002 0.94999999999999996 0.001 0.5 0 0.19534394910509481 19.011523304961869 1 1 1 1 0 1 1 0 1 0 -100 100 0.12554278863583868 -0.32350696573081827 0 0.79764961497038278 0.80765615257055257 -1.3570699545368212 1
3.9740297473186481 0.10000000000000001 0 -9.8100000000000005 0.002 0.01 0.02 0.02 1 0.90000000000000002 0.94999999999999996 0.001 0.5 1 0.13198690459735615 4.0394060526110191 1 1 0 1 0 1 1 0 1 0 -100 100 0.13110007787154596 -0.44689203130779198 0 0.57864918697707368 0.48111602498712608 -0.98943393108031152 100
1.2539344836193504 0.10000000000000001 0 -9.8100000000000005 0.002 0.01 0.02 0.02 1 0.90000000000000002 0.94999999999999996 0.001 0.5 3 0.14370155079654218 8.1108378534571841 1 1 1 1 0 1 1 0 1 0 -100 100 0.10367365321916024 -0.38040588011744036 0 0.3637982367853978 0.62704140551257348 -0.6663945357662735 100
0.84058210273566303 0.10000000000000001 0 -9.8100000000000005 0.002 0.01 0.02 0.02 1 0.90000000000000002 0.94999999999999996 0.001 0.5 0 0.058806141614919198 10.933194680143457 1 1 0 1 0 1 1 0 1 0 -100 100 0.11606009647555288 0.4304177229857078 0 0.57272862156721993 0.22425380511642329 0.9263971474219721 10
2.6013772371670036 0.10000000000000001 0 -9.8100000000000005 0.002 0.01 0.02 0.02 1 0.90000000000000002 0.94999999999999996 0.001 0.5 2 0.059816604502724184 4.5867897850606276 1 1 1 1 0 1 1 0 1 0 -100 100 0.095731674933615424 -0.78444925415155153 0 0.043239979016825372 0.1136482436060296 -1.325464766342479 1
1.5281974844306765 0.10000000000000001 0 -9.8100000000000005 0.002 0.01 0.02 0.02 1 0.90000000000000002 0.94999999999999996 0.001 0.5 3 0.17031495661062029 4.3386727545699832 1 1 0 1 0 1 1 0 1 0 -100 100 0.10474147304468837 -0.55892997855498616 0 0.68824276099635018 -0.083289304385005924 -1.0857547853634477 1
4.779015168670826 0.10000000000000001 0 -9.8100000000000005 0.002 0.01 0.02 0.02 1 0.90000000000000002 0.94999999999999996 0.001 0.5 0 0.11384505319219279 7.4356980981638827 1 1 1 1 0 1 1 0 1 0 -100 100 0.113048965073712 -0.92408221795176515 0 0.044456297886847823 -0.18962254913293919 2.6595815817843054 10
3.6832020522496758 0.10000000000000001 0 -9.8100000000000005 0.002 0.01 0.02 0.02 1 0.90000000000000002 0.94999999999999996 0.001 0.5 2 0.04251750084377269 10.042824992694579 1 1 0 1 0 1 1 0 1 0 -100 100 0.11493775430609982 0.467265956620464 0 0.21824569894882942 0.96615540933667265 -4.0903742535613787 10
4.6534994563165544 0.10000000000000001 0 -9.8100000000000005 0.002 0.01 0.02 0.02 1 0.90000000000000002 0.94999999999999996 0.001 0.5 2 0.10786269262409298 8.0721806173328332 1 1 1 1 0 1 1 0 1 0 -100 100 0.10577833304211207 -0.5289195512223952 0 0.55868145110693124 0.50172841498324883 -2.487365657549383 100
1.9655253391366738 0.10000000000000001 0 -9.8100000000000005 0.002 0.01 0.02 0.02 1 0.90000000000000002 0.94999999999999996 0.001 0.5 3 0.07736827072027648 19.09188914576584 1 1 1 1 0 1 1 0 1 0 -100 100 0.13218911242312628 -0.21591846446407548 0 0.57330182717239819 0.31107201698462755 2.9523323316320136 1
0.70525742646304068 0.10000000000000001 0 -9.8100000000000005 0.002 0.01 0.02 0.02 1 0.90000000000000002 0.94999999999999996 0.001 0.5 2 0.016324594374413394 3.2003423119523888 1 1 1 1 0 1 1 0 1 0 -100 100 0.10444841195392586 0.61792870683808276 0 0.32183510485765743 0.64233893820501065 -2.5408913219333575 10
1.5595759643277527 0.10000000000000001 0 -9.8100000000000005 0.002 0.01 0.02 0.02 1 0.90000000000000002 0.94999999999999996 0.001 0.5 1 0.013089512014037042 9.7265439427654758 1 1 1 1 0 1 1 0 1 0 -100 100 0.13803227127604534 0.83347920120953911 0 0.61403804360095471 1.0092293889971466 -4.5501413757505516 10
3.6492278331123695 0.10000000000000001 0 -9.8100000000000005 0.002 0.01 0.02 0.02 1 0.90000000000000002 0.94999999999999996 0.001 0.5 1 0.1844856341078438 17.283934019327322 1 1 0 1 0 1 1 0 1 0 -100 100 0.10162492313365305 -0.45250086738353534 0 0.62771666045788777 0.66092107413437029 1.78321761088913 10
4.4172342894410352 0.10000000000000001 0 -9.8100000000000005 0.002 0.01 0.02 0.02 1 0.90000000000000002 0.94999999999999996 0.001 0.5 2 0.1277722036588311 14.043151606198382 1 1 0 1 0 1 1 0 1 0 -100 100 0.095328894388366059 -0.36701764989205943 0 0.30115240511796526 0.30943403604647018 -2.5369639258461119 1
4.3129468796695658 0.10000000000000001 0 -9.8100000000000005 0.002 0.01 0.02 0.02 1 0.90000000000000002 0.94999999999999996 0.001 0.5 2 0.011859754879228145 2.2782014667803585 1 1 1 1 0 1 1 0 1 0 -100 100 0.13949204842866536 0.16379447166194927 0 0.35770589667614294 0.45798112603971469 -0.070095178204826247 100
3.0748411296661802 0.10000000000000001 0 -9.8100000000000005 0.002 0.01 0.02 0.02 1 0.90000000000000002 0.94999999999999996 0.001 0.5 1 0.045245193030513338 5.3915779029748467 1 1 0 1 0 1 1 0 1 0 -100 100 0.11514044015290761 0.84089109965352526 0 0.13494658141497604 -0.11524321052465419 -0.65189217017551471 0
1.1603987115248553 0.10000000000000001 0 -9.8100000000000005 0.002 0.01 0.02 0.02 1 0.90000000000000002 0.94999999999999996 0.001 0.5 2 0.062690052521892206 1.4515815229420848 1 1 1 1 0 1 1 0 1 0 -100 100 0.12819960832709265 -0.94775737640712898 0 0.032956121788330253 0.59456435817822872 3.0691408899578398 100
1.0116086399434621 0.10000000000000001 0 -9.8100000000000005 0.002 0.01 0.02 0.02 1 0.90000000000000002 0.94999999999999996 0.001 0.5 0 0.081145762674657881 17.009681262116217 1 1 0 1 0 1 1 0 1 0 -100 100 0.10303780051810686 0.15633110497057179 0 0.70562012589442569 0.44065973155525545 0.74936961668400048 10
3.1474436737144997 0.10000000000000001 0 -9.8100000000000005 0.002 0.01 0.02 0.02 1 0.90000000000000002 0.94999999999999996 0.001 0.5 0 0.16704049773541038 14.665942391917838 1 1 1 1 0 1 1 0 1 0 -100 100 0.1029156558697257 -0.18248897557211974 0 0.54722574098377952 0.98804977050151033 3.8888073323743306 10
1.1516849096024933 0.10000000000000001 0 -9.8100000000000005 0.002 0.01 0.02 0.02 1 0.90000000000000002 0.94999999999999996 0.001 0.5 0 0.073645747316835264 12.906833009385073 1 1 0 1 0 1 1 0 1 0 -100 100 0.10974389631779002 0.51680517606652776 0 0.48061594304213601 -0.10791670620318461 -2.551856014197261 1
1.0847810366024055 0.10000000000000001 0 -9.8100000000000005 0.002 0.01 0.02 0.02 1 0.90000000000000002 0.94999999999999996 0.001 0.5 3 0.1099577861771536 14.67282770952699 1 1 1 1 0 1 1 0 1 0 -100 100 0.13174201681830816 0.75628058769781537 0 0.090566624375808591 -0.059828332708349308 4.8040547998835486 100
2.3203504896150253 0.10000000000000001 0 -9.8100000000000005 0.002 0.01 0.02 0.02 1 0.90000000000000002 0.94999999999999996 0.001 0.5 0 0.12257700301797225 5.7254798378805045 1 1 0 1 0 1 1 0 1 0 -100 100 0.13938838460751424 0.42159466583888472 0 0.6461886738818361 0.53312217046841082 0.15527373017949397 0
2.3889485247361604 0.10000000000000001 0 -9.8100000000000005 0.002 0.01 0.02 0.02 1 0.90000000000000002 0.94999999999999996 0.001 0.5 1 0.13418590148064238 5.46182948029307 1 1 0 1 0 1 1 0 1 0 -100 100 0.099382734497434969 0.047032615296984659 0 0.32251296438080523 -0.010924778089371145 2.3527620954133157 100
3.2284954895607543 0.10000000000000001 0 -9.8100000000000005 0.002 0.01 0.02 0.02 1 0.90000000000000002 0.94999999999999996 0.001 0.5 3 0.047954228276030748 9.6370804739295206 1 1 1 1 0 1 1 0 1 0 -100 100 0.10420207388906716 0.55730378955604043 0 0.47768152977997974 0.12294042586647363 -0.82891612304452078 1
4.9614727113708774 0.10000000000000001 0 -9.8100000000000005 0.002 0.01 0.02 0.02 1 0.90000000000000002 0.94999999999999996 0.001 0.5 0 0.10925394803863651 16.599556191051871 1 1 0 1 0 1 1 0 1 0 -100 100 0.10324660949359166 -0.34414469127262937 0 0.50750037986987662 1.0056450065748621 -1.5235996436680264 100
3.2138689924338775 0.10000000000000001 0 -9.8100000000000005 0.002 0.01 0.02 0.02 1 0.90000000000000002 0.94999999999999996 0.001 0.5 1 0.040362601733025333 4.5347512552686524 1 1 1 1 0 1 1 0 1 0 -100 100 0.13729755296756987 -0.90773091180386034 0 0.44519727684872712 0.85683878715765904 1.6889450795894323 1
3.2555084990082035 0.10000000000000001 0 -9.8100000000000005 0.002 0.01 0.02 0.02 1 0.90000000000000002 0.94999999999999996 0.001 0.5 2 0.15794295553418206 18.620385766969328 1 1 1 1 0 1 1 0 1 0 -100 100 0.12460465092406676 -0.79715964715872745 0 0.62767163521369307 0.83500456654672184 1.4058062368202018 10
0.61765662927985887 0.10000000000000001 0 -9.8100000000000005 0.002 0.01 0.02 0.02 1 0.90000000000000002 0.94999999999999996 0.001 0.5 3 0.17516995765249727 6.812497191346802 1 1 1 1 0 1 1 0 1 0 -100 100 0.13843911695463723 0.97279854278545774 0 0.51733530379853143 1.0949426604011916 -1.1355080012775498 1
4.7022399641343675 0.10000000000000001 0 -9.8100000000000005 0.002 0.01 0.02 0.02 1 0.90000000000000002 0.94999999999999996 0.001 0.5 3 0.15110989099578365 13.511466520166444 1 1 1 1 0 1 1 0 1 0 -100 100 0.12324718042415392 0.1380773852095305 0 0.13329818397106052 0.77773101907523712 4.3234456110956287 10
4.6628864788953681 0.10000000000000001 0 -9.8100000000000005 0.002 0.01 0.02 0.02 1 0.90000000000000002 0.94999999999999996 0.001 0.5 2 0.1130624966902968 2.8576497769731368 1 1 0 1 0 1 1 0 1 0 -100 100 0.13671231814370138 0.35250437853171301 0 0.52597372927727182 0.44590559044515549 -3.8985242767746975 0
4.8192543035344801 0.10000000000000001 0 -9.8100000000000005 0.002 0.01 0.02 0.02 1 0.90000000000000002 0.94999999999999996 0.001 0.5 0 0.099523519497554752 10.572328080520546 1 1 1 1 0 1 1 0 1 0 -100 100 0.13090524909236842 0.21565975682735017 0 0.47117711438812437 0.74223567056292095 -2.4747425284493643 0
2.8817127869461761 0.10000000000000001 0 -9.8100000000000005 0.002 0.01 0.02 0.02 1 0.90000000000000002 0.94999999999999996 0.001 0.5 2 0.17588911679831037 9.780149458121997 1 1 1 1 0 1 1 0 1 0 -100 100 0.12374454716814937 -0.40068798293504582 0 0.15982540002753895 0.96601035889875941 -4.9443536621311122 10
2.3316701915728704 0.10000000000000001 0 -9.8100000000000005 0.002 0.01 0.02 0.02 1 0.90000000000000002 0.94999999999999996 0.001 0.5 3 0.077276644728404384 5.8064372560022726 1 1 0 1 0 1 1 0 1 0 -100 100 0.12712341558842877 -0.49225023534644397 0 0.048853173331171451 0.58713217486484348 4.7315031283892601 10
4.2450738298753379 0.10000000000000001 0 -9.8100000000000005 0.002 0.01 0.02 0.02 1 0.90000000000000002 0.94999999999999996 0.001 0.5 3 0.061255168705970219 8.5467977874438077 1 1 0 1 0 1 1 0 1 0 -100 100 0.097702119453870709 -0.11328921502025113 0 0.57689494469878266 0.15734945060880529 -0.00673704644791151 100
2.039649825705788 0.10000000000000001 0 -9.8100000000000005 0.002 0.01 0.02 0.02 1 0.90000000000000002 0.94999999999999996 0.001 0.5 1 0.14730011394596598 15.623179230611262 1 1 1 1 0 1 1 0 1 0 -100 100 0.13015313677107751 -0.18907289274584427 0 0.75471633586729148 -0.010206984975283773 3.4520930894218473 10
3.3336448234710216 0.10000000000000001 0 -9.8100000000000005 0.002 0.01 0.02 0.02 1 0.90000000000000002 0.94999999999999996 0.001 0.5 0 0.098798104122031549 3.1678141325421749 1 1 0 1 0 1 1 0 1 0 -100 100 0.11687029685769161 -0.54251365091154691 0 0.45916365594376823 0.34099165520600477 0.013594843602771078 10
4.2327223777384386 0.10000000000000001 0 -9.8100000000000005 0.002 0.01 0.02 0.02 1 0.90000000000000002 0.94999999999999996 0.001 0.5 1 0.077798908371934081 10.131322188017247 1 1 1 1 0 1 1 0 1 0 -100 100 0.10034905012985733 0.063152818293812141 0 0.46308441665381822 0.34995407583899124 1.6082788623613915 0
3.6509695401628433 0.10000000000000001 0 -9.8100000000000005 0.002 0.01 0.02 0.02 1 0.90000000000000002 0.94999999999999996 0.001 0.5 2 0.053313139254173574 19.214887406892249 1 1 1 1 0 1 1 0 1 0 -100 100 0.11052133523831428 -0.097350307517803714 0 0.46139100854012016 0.67013421557112895 0.96689841208646854 10
4.2238297541587908 0.10000000000000001 0 -9.8100000000000005 0.002 0.01 0.02 0.02 1 0.90000000000000002 0.94999999999999996 0.001 0.5 1 0.013719095442814504 12.272183340285919 1 1 0 1 0 1 1 0 1 0 -100 100 0.10220207495790382 -0.85478294035684899 0 0.26188845549427875 -0.15749483702599926 3.0717980949018617 0
4.7320879097246173 0.10000000000000001 0 -9.8100000000000005 0.002 0.01 0.02 0.02 1 0.90000000000000002 0.94999999999999996 0.001 0.5 1 0.067564844048386169 9.8681421262243862 1 1 1 1 0 1 1 0 1 0 -100 100 0.11691287862970735 -0.58490366891724244 0 0.4614585391378131 0.91686610565302273 -1.1112307014319391 1
0.78597980961430181 0.10000000000000001 0 -9.8100000000000005 0.002 0.01 0.02 0.02 1 0.90000000000000002 0.94999999999999996 0.001 0.5 0 0.077417390033895805 9.8079895726309552 1 1 1 1 0 1 1 0 1 0 -100 100 0.097751620430926042 -0.31524642738307085 0 0.30444809295966896 1.0786722131118867 -2.5473734926262415 10
1.4606483263763763 0.10000000000000001 0 -9.8100000000000005 0.002 0.01 0.02 0.02 1 0.90000000000000002 0.94999999999999996 0.001 0.5 3 0.095616551187762966 19.806868336475681 1 1 0 1 0 1 1 0 1 0 -100 100 0.11230000376506763 0.10853817353454964 0 0.21381780911402448 -0.064717241057214547 -3.0799420100420605 10
4.5406367642123673 0.10000000000000001 0 -9.8100000000000005 0.002 0.01 0.02 0.02 1 0.90000000000000002 0.94999999999999996 0.001 0.5 0 0.033730190998518837 19.438535181061283 1 1 0 1 0 1 1 0 1 0 -100 100 0.11762703705597562 0.40795121335539419 0 0.56274907816902553 -0.16272691746010826 2.557095185522674 100
1.059055294544673 0.10000000000000001 0 -9.8100000000000005 0.002 0.01 0.02 0.02 1 0.90000000000000002 0.94999999999999996 0.001 0.5 0 0.0931044506612662 5.7942967369734388 1 1 0 1 0 1 1 0 1 0 -100 100 0.10401644090883057 -0.43904671170754805 0 0.75633765337610748 0.18810410125604099 -2.5475032002392286 0
3.034801736624503 0.10000000000000001 0 -9.8100000000000005 0.002 0.01 0.02 0.02 1 0.90000000000000002 0.94999999999999996 0.001 0.5 1 0.12478426639156501 2.6626999445590194 1 1 1 1 0 1 1 0 1 0 -100 100 0.13503767423193672 -0.63156839268466869 0 0.60603623879490875 1.1292789222915933 -0.5144477777164056 1
2.2674803494388387 0.10000000000000001 0 -9.8100000000000005 0.002 0.01 0.02 0.02 1 0.90000000000000002 0.94999999999999996 0.001 0.5 0 0.085604561732083598 13.083886861684649 1 1 0 1 0 1 1 0 1 0 -100 100 0.122515538593887 0.41549557737731124 0 0.30489621505760467 0.18012553911912943 -1.8975376187833124 10
1.1469446574299442 0.10000000000000001 0 -9.8100000000000005 0.002 0.01 0.02 0.02 1 0.90000000000000002 0.94999999999999996 0.001 0.5 1 0.10408852091329009 19.542497192422331 1 1 0 1 0 1 1 0 1 0 -100 100 0.11180398185762719 0.54737513221585776 0 0.78379280539966656 -0.16232466280988422 3.9228024985212446 100
1.8985080288592446 0.10000000000000001 0 -9.8100000000000005 0.002 0.01 0.02 0.02 1 0.90000000000000002 0.94999999999999996 0.001 0.5 1 0.16466890741011453 0.16558493981581934 1 1 0 1 0 1 1 0 1 0 -100 100 0.10501750806710038 0.25874126523786933 0 0.56713846897419662 0.49655486448032554 0.092175553617963146 1
1.6996726821781882 0.10000000000000001 0 -9.8100000000000005 0.002 0.01 0.02 0.02 1 0.90000000000000002 0.94999999999999996 0.001 0.5 0 0.036009533525088101 19.434351609854023 1 1 1 1 0 1 1 0 1 0 -100 100 0.10561004923782691 -0.29481771628996589 0 0.037852012022317451 0.01264892276037205 -2.7107959652282245 1
2.7114943883074334 0.10000000000000001 0 -9.8100000000000005 0.002 0.01 0.02 0.02 1 0.90000000000000002 0.94999999999999996 0.001 0.5 0 0.048910941525798383 0.95125770990331482 1 1 1 1 0 1 1 0 1 0 -100 100 0.1208755160652611 0.45771947839631122 0 0.64632547216831648 0.44448515034048447 -4.7310968287721531 1
3.7553218951799039 0.10000000000000001 0 -9.8100000000000005 0.002 0.01 0.02 0.02 1 0.90000000000000002 0.94999999999999996 0.001 0.5 0 0.17901800619631589 0.67076515709527218 1 1 0 1 0 1 1 0 1 0 -100 100 0.13576735255396738 0.94538446227981665 0 0.51034621881355369 0.53202029149187924 3.0526297880732667 1
4.8980308913380188 0.10000000000000001 0 -9.8100000000000005 0.002 0.01 0.02 0.02 1 0.90000000000000002 0.94999999999999996 0.001 0.5 2 0.013289788622461933 8.9734907013686733 1 1 0 1 0 1 1 0 1 0 -100 100 0.12594965357643359 -0.80086281367764167 0 0.40805729560621967 0.27625706591620197 -1.3521464428921925 10
4.7091351787544369 0.10000000000000001 0 -9.8100000000000005 0.002 0.01 0.02 0.02 1 0.90000000000000002 0.94999999999999996 0.001 0.5 2 0.13711079722539901 16.623681296673826 1 1 0 1 0 1 1 0 1 0 -100 100 0.13129757869290434 0.85570618720092639 0 0.59361221029373212 0.60616584140223861 0.57684269347517692 1
4.1348676621940879 0.10000000000000001 0 -9.8100000000000005 0.002 0.01 0.02 0.02 1 0.90000000000000002 0.94999999999999996 0.001 0.5 2 0.011213502221783158 9.5846504998242192 1 1 1 1 0 1 1 0 1 0 -100 100 0.12408368860915686 -0.00048886121732194532 0 0.35293800941334763 0.66388124203092325 0.26679276982269506 10
1.1856641723771337 0.10000000000000001 0 -9.8100000000000005 0.002 0.01 0.02 0.02 1 0.90000000000000002 0.94999999999999996 0.001 0.5 0 0.060731289866386373 0.44202953269357081 1 1 0 1 0 1 1 0 1 0 -100 100 0.10353758763912793 0.35141512683827192 0 0.59442674276332286 0.62599689426765237 -4.7239518025412295 10
3.1609258775325944 0.10000000000000001 0 -9.8100000000000005 0.002 0.01 0.02 0.02 1 0.90000000000000002 0.94999999999999996 0.001 0.5 2 0.16977815523403994 11.226418734910581 1 1 0 1 0 1 1 0 1 0 -100 100 0.13380158116117388 0.8793490673945048 0 0.56854413512970592 0.29445805667519304 -0.17106746653890603 1
2.5334761629195879 0.10000000000000001 0 -9.8100000000000005 0.002 0.01 0.02 0.02 1 0.90000000000000002 0.94999999999999996 0.001 0.5 1 0.12150447216044814 3.9156751263123435 1 1 0 1 0 1 1 0 1 0 -100 100 0.10036947329787291 -0.80008892766279738 0 0.7068695091350401 -0.082492285768619084 1.1362050199610341 1
3.3823266495168984 0.10000000000000001 0 -9.8100000000000005 0.002 0.01 0.02 0.02 1 0.90000000000000002 0.94999999999999996 0.001 0.5 0 0.075969608818733991 8.3317782608485871 1 1 1 1 0 1 1 0 1 0 -100 100 0.11196912379689661 -0.7117707436544829 0 0.44573659130678395 0.47270219831541221 0.84186705843373932 1
3.3210284309158329 0.10000000000000001 0 -9.8100000000000005 0.002 0.01 0.02 0.02 1 0.90000000000000002 0.94999999999999996 0.001 0.5 0 0.069136552769262505 17.64189335835902 1 1 0 1 0 1 1 0 1 0 -100 100 0.099656756988481643 0.81365633812466465 0 0.047964530650544207 0.043759147333537696 3.3349508644109989 0
3.5323026334750498 0.10000000000000001 0 -9.8100000000000005 0.002 0.01 0.02 0.02 1 0.90000000000000002 0.94999999999999996 0.001 0.5 3 0.065086091433867482 9.095057234677121 1 1 1 1 0 1 1 0 1 0 -100 100 0.12945764936098431 -0.082072846081753026 0 0.45815756165396038 0.30981422902901407 -1.3738717172016046 0
0.76511759305869442 0.10000000000000001 0 -9.8100000000000005 0.002 0.01 0.02 0.02 1 0.90000000000000002 0.94999999999999996 0.001 0.5 0 0.090696558677664976 16.950356696102439 1 1 1 1 0 1 1 0 1 0 -100 100 0.11523891985375923 -0.49131945695250434 0 0.5343262265205746 0.99014553813478434 2.5487488400850093 10
4.6527451983937658 0.10000000000000001 0 -9.8100000000000005 0.002 0.01 0.02 0.02 1 0.90000000000000002 0.94999999999999996 0.001 0.5 0 0.15718222606899998 2.9898271872516657 1 1 1 1 0 1 1 0 1 0 -100 100 0.1264449081041786 0.1947123656961296 0 0.62057646616091122 0.8557422273941957 -3.8980396794316583 10
3.7317470459977269 0.10000000000000001 0 -9.8100000000000005 0.002 0.01 0.02 0.02 1 0.90000000000000002 0.94999999999999996 0.001 0.5 0 0.010708284437464653 4.629670705649211 1 1 1 1 0 1 1 0 1 0 -100 100 0.13032215146173037 -0.87276711147872055 0 0.60753053615980634 -0.17262100018287804 2.3305207942429611 10
2.9374727546596748 0.10000000000000001 0 -9.8100000000000005 0.002 0.01 0.02 0.02 1 0.90000000000000002 0.94999999999999996 0.001 0.5 1 0.10598364869067173 15.680140028871259 1 1 1 1 0 1 1 0 1 0 -100 100 0.096639424933371909 -0.43743788242815218 0 0.048521022872013035 0.01307971603564051 4.7348248767792072 10
0.77562505803447135 0.10000000000000001 0 -9.8100000000000005 0.002 0.01 0.02 0.02 1 0.90000000000000002 0.94999999999999996 0.001 0.5 3 0.18590087912611192 7.1409732142506162 1 1 1 1 0 1 1 0 1 0 -100 100 0.13031693418198489 0.11024258609164983 0 0.45281382615894139 0.78543187324153996 -4.0657749568271706 1
