counts 2.00000000000000000E+00 1.60000000000000000E+01
free -1.85392478915121401E+01 3.58199346107340801E+01 4.55315654922065716E-01 1.78419884464445104E+01 -3.17222042055982705E+01 1.56079515800036850E+00
acc 1.16579591785490191E+01 1.65099066297257409E+01 8.12415755695558062E+00 -4.34897176126292528E+00 -1.92742333145296705E+01 2.94353649949140639E+01
qfrc 3.53032006505392815E+00 -6.04226679083151907E+00 2.33571682514440226E+00 1.37704124135277439E-01 -1.08732158546260393E-01 5.97652977617057157E-01
aref 1.16501349001534660E+01 1.64917514403936174E+01 8.92917438272352726E+00 -6.08840495385827118E+00 -1.76839198721094419E+01 -5.29505386803083500E+00 1.49670807945025057E+01 2.77500156086651373E+01 1.43263485543901083E+01 1.19894409192941218E+01 1.47675475875164643E+01 1.15482418861677658E+01 2.42837116567802802E+01 1.97975673082535017E+01 2.28158803436422346E+01 2.12653986213915438E+01
reg 2.53796462749421670E+00 2.53796462749421670E+00 2.53796462749421670E+00 9.16942058965651619E+00 9.16942058965651619E+00 9.16942058965651619E+00 1.20219377091831436E+00 4.34340975299519716E+00 2.00000000000000016E-15 2.00000000000000016E-15 2.00000000000000016E-15 2.00000000000000016E-15 3.10243553785371218E-02 3.10243553785371218E-02 3.10243553785371218E-02 3.10243553785371218E-02
force -2.00000000000000004E-03 -2.00000000000000004E-03 2.00000000000000004E-03 -2.00000000000000004E-03 2.00000000000000004E-03 -2.00000000000000004E-03 6.06673152661238024E+00 1.13566033273166900E+00 6.57894736841950200E+15 6.57894736842261100E+15 6.57894736842425800E+15 6.57894736841785600E+15 7.77063819328102340E+02 7.83318015416451999E+02 7.82903223437327028E+02 7.77478611307227197E+02
jac 1.00000000000000000E+00 0.00000000000000000E+00 0.00000000000000000E+00 0.00000000000000000E+00 0.00000000000000000E+00 0.00000000000000000E+00
jac 0.00000000000000000E+00 1.00000000000000000E+00 0.00000000000000000E+00 0.00000000000000000E+00 0.00000000000000000E+00 0.00000000000000000E+00
jac 0.00000000000000000E+00 0.00000000000000000E+00 1.00000000000000000E+00 0.00000000000000000E+00 0.00000000000000000E+00 0.00000000000000000E+00
jac 0.00000000000000000E+00 0.00000000000000000E+00 0.00000000000000000E+00 1.00000000000000000E+00 0.00000000000000000E+00 0.00000000000000000E+00
jac 0.00000000000000000E+00 0.00000000000000000E+00 0.00000000000000000E+00 0.00000000000000000E+00 1.00000000000000000E+00 0.00000000000000000E+00
jac 0.00000000000000000E+00 0.00000000000000000E+00 0.00000000000000000E+00 0.00000000000000000E+00 0.00000000000000000E+00 1.00000000000000000E+00
jac 7.80593212533619352E-01 -3.43391436683774309E-01 5.22261005397394285E-01 0.00000000000000000E+00 0.00000000000000000E+00 0.00000000000000000E+00
jac 0.00000000000000000E+00 0.00000000000000000E+00 0.00000000000000000E+00 6.63578897160457926E-01 -5.35054191117840583E-01 5.22857590372889147E-01
jac 9.74842132972150860E-02 1.45504781476297812E-03 9.80302851076688894E-04 0.00000000000000000E+00 0.00000000000000000E+00 0.00000000000000000E+00
jac -9.74842132972150860E-02 -1.45504781476297812E-03 -9.80302851076688894E-04 0.00000000000000000E+00 0.00000000000000000E+00 0.00000000000000000E+00
jac -1.47671092888287513E-03 9.74643560538828863E-02 2.18371789260074891E-03 0.00000000000000000E+00 0.00000000000000000E+00 0.00000000000000000E+00
jac 1.47671092888287513E-03 -9.74643560538828863E-02 -2.18371789260074891E-03 0.00000000000000000E+00 0.00000000000000000E+00 0.00000000000000000E+00
jac 1.97595188353641094E-01 -2.02995415903847537E-01 1.98863153362093009E-01 9.53065524396888436E-02 3.15950247385837421E-03 2.83581332056034472E-03
jac 2.34453045119874248E-03 -1.96884021705832052E-01 -2.05938164377872851E-01 -9.53065524396888436E-02 -3.15950247385837421E-03 -2.83581332056034472E-03
jac 9.75194996010252113E-02 -1.02562652635254464E-01 9.55982973608446723E-02 -3.28691510428179377E-03 9.52451157409684307E-02 4.35055715941253755E-03
jac 1.02420219203814611E-01 -2.97316784974425152E-01 -1.02673308376624514E-01 3.28691510428179377E-03 -9.52451157409684307E-02 -4.35055715941253755E-03
state 9.99896382155334384E-01 -1.12368813509098261E-02 4.94322621434252832E-03 -7.51810912217564485E-03 9.99840543511053781E-01 -1.18498089735065513E-02 9.55468894859588976E-03 -9.33688909152952801E-03 -1.10676281551457922E-01 -1.56671638683739345E-01 -8.48271566358735074E-02 5.78398470616535709E-02 1.67997238785039693E-01 5.03030117462929249E-02 1.25000000000000000E-01
