-3.29833045298997651E-01
2.73829000000000010E-04
7.50759999999999974E-05
7.43620000000000039E-05
7.50340000000000002E-05
7.52280000000000055E-05
7.46859999999999961E-05
7.44259999999999952E-05
7.48599999999999982E-05
7.47299999999999977E-05
7.42539999999999975E-05
7.50769999999999996E-05
7.59440000000000034E-05
7.69400000000000053E-05
7.55649999999999990E-05
7.45890000000000002E-05
7.49579999999999962E-05
7.53580000000000059E-05
7.53469999999999954E-05
7.52179999999999971E-05
7.45139999999999984E-05
8.06559999999999948E-05
7.45999999999999973E-05
7.52169999999999949E-05
7.60079999999999946E-05
2.17072000000000011E-04
8.44040000000000003E-05
7.62569999999999985E-05
7.58890000000000047E-05
7.65940000000000056E-05
1.35212999999999994E-04
7.30510000000000024E-05
9.28660000000000016E-05
7.92150000000000064E-05
7.50439999999999950E-05
9.19979999999999957E-05
7.50220000000000010E-05
7.44920000000000044E-05
8.02989999999999981E-05
7.66149999999999974E-05
7.45890000000000002E-05
7.54560000000000040E-05
7.40689999999999984E-05
7.50769999999999996E-05
7.52830000000000041E-05
7.63549999999999966E-05
7.32779999999999987E-05
7.36899999999999941E-05
7.36250000000000007E-05
7.39720000000000026E-05
7.41549999999999973E-05
9.59099999999999948E-05
7.33759999999999968E-05
7.35700000000000020E-05
7.45019999999999992E-05
7.43070000000000053E-05
8.42200000000000034E-05
7.45890000000000002E-05
7.55860000000000044E-05
7.54560000000000040E-05
7.57259999999999997E-05
7.63330000000000025E-05
7.53899999999999948E-05
7.59430000000000012E-05
7.59969999999999976E-05
7.61490000000000056E-05
7.58890000000000047E-05
7.72319999999999951E-05
7.59860000000000006E-05
7.58570000000000023E-05
7.61929999999999937E-05
7.62580000000000007E-05
7.60629999999999932E-05
7.57049999999999943E-05
7.50660000000000026E-05
7.50009999999999956E-05
7.50439999999999950E-05
7.47620000000000001E-05
7.50120000000000062E-05
1.06538000000000002E-04
1.40874999999999995E-04
8.23249999999999953E-05
7.48269999999999936E-05
8.69280000000000053E-05
7.42969999999999969E-05
7.54769999999999958E-05
7.55529999999999998E-05
7.49250000000000052E-05
7.51530000000000037E-05
7.50769999999999996E-05
7.49569999999999940E-05
7.44589999999999998E-05
7.41880000000000019E-05
7.89120000000000061E-05
7.29530000000000044E-05
7.15449999999999935E-05
7.60519999999999962E-05
7.33439999999999944E-05
7.53039999999999959E-05
7.40689999999999984E-05
7.54449999999999934E-05
7.89550000000000055E-05
8.63210000000000024E-05
7.46539999999999937E-05
1.01186000000000003E-04
7.59539999999999982E-05
7.95290000000000038E-05
7.49999999999999934E-05
7.39389999999999980E-05
7.86299999999999976E-05
7.86729999999999971E-05
8.26709999999999950E-05
7.53700000000000051E-05
7.33649999999999998E-05
8.46640000000000012E-05
7.87390000000000063E-05
7.72540000000000027E-05
7.58560000000000001E-05
8.12410000000000036E-05
9.51189999999999951E-05
7.50009999999999956E-05
7.95189999999999954E-05
9.65810000000000025E-05
7.38519999999999970E-05
7.37440000000000041E-05
7.35489999999999966E-05
7.39180000000000062E-05
8.03630000000000029E-05
9.05469999999999989E-05
2.48885999999999975E-04
6.89910000000000040E-05
6.84119999999999948E-05
6.90419999999999939E-05
6.91909999999999953E-05
6.87120000000000021E-05
6.84609999999999939E-05
6.88720000000000006E-05
6.87610000000000012E-05
6.83120000000000060E-05
6.90309999999999969E-05
6.98820000000000062E-05
7.07619999999999978E-05
6.95009999999999975E-05
6.86320000000000029E-05
6.88509999999999952E-05
6.93120000000000032E-05
6.93209999999999958E-05
6.91919999999999975E-05
6.85410000000000067E-05
7.35720000000000064E-05
6.83619999999999936E-05
6.91109999999999961E-05
6.99120000000000042E-05
9.02220000000000046E-05
7.71420000000000010E-05
7.01220000000000039E-05
6.98109999999999996E-05
7.04519999999999956E-05
1.23912999999999991E-04
6.70409999999999973E-05
8.46619999999999968E-05
7.21320000000000067E-05
6.83910000000000030E-05
8.39519999999999985E-05
6.88920000000000038E-05
6.84410000000000042E-05
7.32610000000000021E-05
7.04120000000000028E-05
6.86109999999999975E-05
6.94019999999999972E-05
6.77009999999999944E-05
6.90919999999999951E-05
6.92320000000000039E-05
7.01309999999999965E-05
6.74320000000000008E-05
6.77910000000000020E-05
6.77019999999999966E-05
6.80409999999999945E-05
6.82320000000000067E-05
8.76020000000000059E-05
6.74210000000000038E-05
6.76819999999999934E-05
6.85609999999999963E-05
6.82920000000000028E-05
7.68119999999999957E-05
6.84809999999999971E-05
6.94720000000000016E-05
6.93509999999999938E-05
6.96419999999999949E-05
7.02220000000000063E-05
6.93509999999999938E-05
6.98419999999999998E-05
6.98909999999999988E-05
7.00519999999999995E-05
6.97909999999999964E-05
7.10420000000000018E-05
6.99219999999999990E-05
6.98010000000000048E-05
7.00519999999999995E-05
7.01309999999999965E-05
6.99819999999999951E-05
6.96320000000000001E-05
6.89809999999999957E-05
6.89319999999999966E-05
6.89410000000000028E-05
6.86620000000000009E-05
6.88809999999999932E-05
9.68629999999999974E-05
1.03842000000000000E-04
7.43019999999999944E-05
6.87310000000000031E-05
7.92719999999999959E-05
6.82719999999999996E-05
6.93810000000000054E-05
6.93819999999999940E-05
6.88709999999999984E-05
6.90419999999999939E-05
6.89509999999999976E-05
6.89119999999999934E-05
6.84509999999999990E-05
6.81920000000000003E-05
7.19520000000000050E-05
6.70109999999999993E-05
6.58219999999999942E-05
6.99209999999999968E-05
6.74719999999999937E-05
6.93010000000000062E-05
6.81519999999999939E-05
6.93910000000000002E-05
7.19719999999999946E-05
7.86820000000000032E-05
6.84910000000000054E-05
9.22829999999999972E-05
6.98209999999999944E-05
7.25719999999999957E-05
6.89309999999999944E-05
6.78819999999999982E-05
7.16420000000000029E-05
7.17110000000000051E-05
7.53219999999999948E-05
6.91820000000000027E-05
6.74409999999999935E-05
7.72720000000000015E-05
7.20219999999999959E-05
7.10509999999999945E-05
6.91020000000000035E-05
7.42010000000000033E-05
8.66920000000000028E-05
6.88319999999999942E-05
7.25719999999999957E-05
8.81320000000000025E-05
6.78910000000000044E-05
6.78619999999999950E-05
6.76610000000000015E-05
6.80119999999999987E-05
7.34210000000000006E-05
8.20909999999999972E-05
