-0.32983304529899776
0.000160922
6.0538000000000002e-05
6.0267000000000004e-05
6.0517000000000004e-05
6.0527000000000005e-05
6.0581000000000002e-05
6.0386000000000001e-05
6.0549000000000006e-05
6.0300000000000002e-05
6.0429000000000007e-05
6.0419000000000005e-05
6.0365000000000002e-05
9.7144000000000004e-05
6.0364000000000007e-05
5.9974000000000005e-05
6.0235000000000002e-05
6.0473000000000002e-05
6.0192000000000002e-05
6.0570000000000005e-05
6.0441000000000006e-05
6.0223000000000003e-05
6.0430000000000002e-05
6.0484000000000006e-05
6.0246000000000006e-05
6.0364000000000007e-05
6.0354000000000005e-05
6.0256e-05
6.0516000000000001e-05
6.0495000000000003e-05
6.0441000000000006e-05
0.000169643
6.3539000000000003e-05
7.7265e-05
6.0462000000000005e-05
6.0311000000000006e-05
6.0094000000000004e-05
6.0007000000000003e-05
6.0062000000000002e-05
6.0180000000000003e-05
6.0051000000000005e-05
6.0213000000000001e-05
6.0170000000000002e-05
6.0343000000000001e-05
6.0105000000000001e-05
5.9942000000000003e-05
6.0093000000000002e-05
6.0126000000000007e-05
6.0234000000000006e-05
5.9964000000000004e-05
6.0300000000000002e-05
6.0332000000000004e-05
6.0343000000000001e-05
6.0192000000000002e-05
6.0169000000000006e-05
6.0354000000000005e-05
6.0235000000000002e-05
6.0289000000000005e-05
6.0170000000000002e-05
6.0202000000000004e-05
6.0332000000000004e-05
6.0376000000000006e-05
6.0115000000000003e-05
6.0430000000000002e-05
8.0591000000000001e-05
0.000104969
9.6516000000000009e-05
5.8003000000000007e-05
5.7797000000000002e-05
5.7754000000000003e-05
5.6529e-05
5.6432000000000005e-05
0.000117967
7.8273000000000001e-05
0.00012109800000000001
9.940900000000001e-05
6.6117000000000004e-05
9.8954000000000002e-05
6.6464000000000006e-05
5.9346000000000004e-05
6.6042000000000002e-05
0.000119506
5.9682000000000002e-05
5.9022000000000005e-05
7.9540000000000001e-05
8.9236000000000011e-05
5.8913000000000003e-05
5.9238000000000004e-05
0.00010680800000000001
5.8816000000000001e-05
5.9672000000000001e-05
0.000113052
6.0689000000000001e-05
6.1036000000000003e-05
6.0907000000000005e-05
6.0603000000000002e-05
6.0452000000000003e-05
6.1047e-05
5.9931000000000006e-05
6.0137000000000004e-05
6.8013000000000001e-05
6.1990000000000008e-05
6.1459000000000009e-05
6.0668000000000003e-05
6.1437000000000001e-05
6.0841000000000002e-05
6.1091000000000002e-05
6.0668000000000003e-05
6.0863000000000003e-05
0.00016064100000000002
6.0505000000000004e-05
6.0689000000000001e-05
6.0754000000000001e-05
6.1057999999999997e-05
6.1069000000000008e-05
6.1047e-05
6.1340000000000006e-05
6.1317999999999998e-05
6.0841000000000002e-05
9.8607e-05
6.0701e-05
6.0723000000000001e-05
6.0257000000000003e-05
5.9249000000000001e-05
6.0029000000000004e-05
6.1156000000000009e-05
5.8686000000000007e-05
6.4611000000000009e-05
5.7624000000000003e-05
0.00014696300000000001
5.5631000000000003e-05
5.5431000000000005e-05
5.5661000000000001e-05
5.5661000000000001e-05
5.5721000000000004e-05
5.5552000000000006e-05
5.5691000000000006e-05
5.5471000000000005e-05
5.5591000000000004e-05
5.5582000000000004e-05
5.5531000000000001e-05
8.8942000000000003e-05
5.5481000000000006e-05
5.5151000000000001e-05
5.5412000000000004e-05
5.5591000000000004e-05
5.5341000000000004e-05
5.5652000000000002e-05
5.5591000000000004e-05
5.5401e-05
5.5581000000000002e-05
5.5632000000000005e-05
5.5411000000000002e-05
5.5511000000000004e-05
5.5511000000000004e-05
5.5412000000000004e-05
5.5671000000000003e-05
5.5631000000000003e-05
5.5601000000000005e-05
7.5142000000000007e-05
5.8301000000000003e-05
7.0512000000000005e-05
5.5551000000000004e-05
5.5461000000000003e-05
5.5281000000000001e-05
5.5191000000000001e-05
5.5231e-05
5.5352000000000001e-05
5.5221000000000005e-05
5.5371000000000002e-05
5.5341000000000004e-05
5.5472e-05
5.5291000000000003e-05
5.5131000000000005e-05
5.5241000000000002e-05
5.5292000000000005e-05
5.5411000000000002e-05
5.5151000000000001e-05
5.5461000000000003e-05
5.5492000000000003e-05
5.5501000000000003e-05
5.5351000000000006e-05
5.5351000000000006e-05
5.5502000000000005e-05
5.5401e-05
5.5461000000000003e-05
5.5341000000000004e-05
5.5382000000000006e-05
5.5481000000000006e-05
5.5511000000000004e-05
5.5282000000000004e-05
5.5581000000000002e-05
7.3511000000000008e-05
9.5794000000000012e-05
8.8192000000000012e-05
5.3291000000000002e-05
5.3151000000000007e-05
5.3082000000000004e-05
5.2001000000000006e-05
5.1901000000000003e-05
0.00010793200000000001
7.1441999999999998e-05
0.000110853
9.0842000000000009e-05
6.0321000000000001e-05
7.2632000000000005e-05
6.0222e-05
5.4541000000000005e-05
6.0251000000000003e-05
0.00010932300000000001
5.4741000000000003e-05
5.4241000000000005e-05
7.2712000000000004e-05
8.1352000000000003e-05
5.4141000000000002e-05
5.4461000000000006e-05
9.7333000000000012e-05
5.3981000000000004e-05
5.4801000000000006e-05
0.000103225
5.5751000000000002e-05
5.6111000000000005e-05
5.6021000000000005e-05
5.5712000000000005e-05
5.5601000000000005e-05
5.6151000000000005e-05
5.5131000000000005e-05
5.5292000000000005e-05
6.2021000000000008e-05
5.6961000000000006e-05
5.6502000000000002e-05
5.5801000000000003e-05
5.6481000000000004e-05
5.5962000000000004e-05
5.6181000000000003e-05
5.5781000000000007e-05
5.5971000000000003e-05
0.00014724400000000002
5.5601000000000005e-05
5.5821000000000006e-05
5.5872000000000003e-05
5.6151000000000005e-05
5.6161000000000007e-05
5.6141000000000003e-05
5.6402000000000006e-05
5.6401000000000004e-05
5.5951e-05
8.9842000000000012e-05
5.5761000000000004e-05
5.5821000000000006e-05
5.5391000000000005e-05
5.4482000000000005e-05
5.5221000000000005e-05
5.6191000000000005e-05
5.3911000000000006e-05
5.8872000000000001e-05
5.2921000000000004e-05
