-0.32983304529899776
0.000107458
5.8870000000000004e-05
5.9520000000000006e-05
5.8794000000000007e-05
5.9173000000000004e-05
5.9065000000000005e-05
5.8501000000000001e-05
5.8805000000000004e-05
5.9195000000000005e-05
5.1026000000000002e-05
4.1688000000000005e-05
4.8112000000000003e-05
4.1536000000000003e-05
5.9585000000000006e-05
4.3074000000000001e-05
4.1417e-05
7.2520000000000004e-05
6.579200000000001e-05
5.9465000000000001e-05
5.8263000000000001e-05
9.6364000000000001e-05
6.0018000000000007e-05
5.9672000000000001e-05
6.0040000000000001e-05
5.9909000000000005e-05
6.0332000000000004e-05
5.9509000000000002e-05
5.9801000000000006e-05
5.9844000000000005e-05
5.9975000000000001e-05
5.9855000000000002e-05
5.9931000000000006e-05
5.9932000000000001e-05
0.00014420600000000002
6.2315000000000002e-05
5.9737000000000001e-05
5.9964000000000004e-05
5.9877000000000003e-05
6.0083000000000001e-05
5.9877000000000003e-05
5.9953000000000007e-05
8.2043e-05
6.0029000000000004e-05
8.9669000000000012e-05
6.0126000000000007e-05
6.0083000000000001e-05
6.0029000000000004e-05
5.9877000000000003e-05
6.0040000000000001e-05
6.0159000000000005e-05
5.9974000000000005e-05
6.0093000000000002e-05
6.0104000000000006e-05
7.9367000000000001e-05
6.0062000000000002e-05
6.0062000000000002e-05
6.0170000000000002e-05
6.0083000000000001e-05
6.0278000000000001e-05
6.0051000000000005e-05
5.9909000000000005e-05
6.0018000000000007e-05
6.0061000000000007e-05
5.9920000000000002e-05
5.9910000000000001e-05
6.0116000000000005e-05
5.9996000000000006e-05
5.9986000000000005e-05
6.0062000000000002e-05
6.0093000000000002e-05
6.0126000000000007e-05
6.0007000000000003e-05
6.0040000000000001e-05
6.0181000000000005e-05
6.0083000000000001e-05
6.0158000000000002e-05
6.0083000000000001e-05
6.0105000000000001e-05
6.0061000000000007e-05
6.0289000000000005e-05
5.9963000000000002e-05
6.0126000000000007e-05
6.0321000000000001e-05
6.0029000000000004e-05
6.0148000000000001e-05
6.0029000000000004e-05
5.9943000000000005e-05
6.0148000000000001e-05
7.9714000000000003e-05
6.0039000000000006e-05
5.9931000000000006e-05
6.0029000000000004e-05
6.0094000000000004e-05
5.9996000000000006e-05
6.0138000000000006e-05
5.9747000000000002e-05
5.9920000000000002e-05
5.9942000000000003e-05
5.9997000000000002e-05
6.0203000000000006e-05
6.0039000000000006e-05
6.0126000000000007e-05
5.9996000000000006e-05
6.0267000000000004e-05
6.0137000000000004e-05
6.0104000000000006e-05
6.0246000000000006e-05
7.8478000000000003e-05
6.0169000000000006e-05
6.0332000000000004e-05
6.0169000000000006e-05
6.0115000000000003e-05
6.0029000000000004e-05
6.0040000000000001e-05
6.0365000000000002e-05
6.0408000000000002e-05
9.5638000000000008e-05
7.8251000000000007e-05
5.9389000000000003e-05
5.9476000000000005e-05
5.9108000000000004e-05
4.6801000000000001e-05
4.1449000000000002e-05
4.1644000000000003e-05
4.1611000000000005e-05
4.1622000000000002e-05
4.1677000000000001e-05
4.1526000000000002e-05
9.7302000000000011e-05
5.4022000000000006e-05
5.4701000000000004e-05
5.4021000000000003e-05
5.4371000000000005e-05
5.4292000000000001e-05
5.3711000000000001e-05
5.3971000000000002e-05
5.4401000000000003e-05
4.6911000000000005e-05
3.8311e-05
4.4211000000000001e-05
3.8201000000000002e-05
5.4311000000000002e-05
3.9551000000000001e-05
3.8101e-05
6.6231999999999999e-05
6.0041000000000003e-05
5.4661000000000004e-05
5.3502000000000004e-05
8.8052000000000003e-05
5.5151000000000001e-05
5.4901000000000002e-05
5.5191000000000001e-05
5.5102000000000002e-05
5.5471000000000005e-05
5.4711000000000005e-05
5.4991000000000003e-05
5.5042000000000006e-05
5.5151000000000001e-05
5.5041000000000004e-05
5.5102000000000002e-05
5.5101000000000007e-05
5.5251000000000003e-05
5.7201000000000003e-05
5.4901000000000002e-05
5.5142000000000002e-05
5.5051000000000005e-05
5.5241000000000002e-05
5.5051000000000005e-05
5.5142000000000002e-05
7.4871000000000009e-05
5.5172000000000006e-05
8.1911000000000009e-05
5.5261000000000005e-05
5.5241000000000002e-05
5.5211000000000004e-05
5.5072000000000004e-05
5.5191000000000001e-05
5.5331000000000003e-05
5.5151000000000001e-05
5.5282000000000004e-05
5.5271000000000007e-05
7.2401e-05
5.5201000000000002e-05
5.5221000000000005e-05
5.5301000000000005e-05
5.5252000000000006e-05
5.5451000000000002e-05
5.5211000000000004e-05
5.5101000000000007e-05
5.5182000000000001e-05
5.5221000000000005e-05
5.5081000000000003e-05
5.5091000000000005e-05
5.5272000000000002e-05
5.5161000000000003e-05
5.5151000000000001e-05
5.5241000000000002e-05
5.5262e-05
5.5301000000000005e-05
5.5171000000000004e-05
5.5201000000000002e-05
5.5342000000000006e-05
5.5241000000000002e-05
5.5301000000000005e-05
5.5241000000000002e-05
5.5242000000000004e-05
5.5211000000000004e-05
5.5431000000000005e-05
5.5141000000000006e-05
5.5292000000000005e-05
5.5461000000000003e-05
5.5201000000000002e-05
5.5311000000000006e-05
5.5191000000000001e-05
5.5121000000000003e-05
5.5301000000000005e-05
7.2732000000000008e-05
5.5191000000000001e-05
5.5111000000000001e-05
5.5202000000000004e-05
5.5261000000000005e-05
5.5181000000000006e-05
5.5291000000000003e-05
5.4951000000000003e-05
5.5091000000000005e-05
5.5121000000000003e-05
5.5161000000000003e-05
5.5371000000000002e-05
5.5211000000000004e-05
5.5271000000000007e-05
5.5162000000000005e-05
5.5421000000000004e-05
5.5301000000000005e-05
5.5251000000000003e-05
5.5402000000000003e-05
7.2161000000000002e-05
5.5311000000000006e-05
5.5492000000000003e-05
5.5321000000000001e-05
5.5251000000000003e-05
5.5192000000000003e-05
5.5181000000000006e-05
5.5521000000000006e-05
5.5541000000000002e-05
8.7212000000000005e-05
7.1342000000000009e-05
5.4511e-05
5.4651000000000002e-05
5.4232000000000005e-05
4.3021e-05
3.8120000000000001e-05
3.8301000000000005e-05
3.8281000000000002e-05
3.8281000000000002e-05
3.8321000000000001e-05
3.8191000000000001e-05
