-3.29833045298997651E-01
1.27555000000000008E-04
7.76010000000000046E-05
7.60190000000000052E-05
7.64090000000000065E-05
7.70479999999999982E-05
7.67879999999999973E-05
7.67559999999999949E-05
9.51290000000000035E-05
7.69940000000000018E-05
7.68650000000000035E-05
7.72970000000000021E-05
7.73090000000000013E-05
8.76219999999999956E-05
1.02497000000000005E-04
7.66910000000000015E-05
7.61600000000000027E-05
7.67559999999999949E-05
7.69500000000000002E-05
7.68640000000000013E-05
7.69080000000000029E-05
7.67889999999999995E-05
9.91270000000000015E-05
7.67879999999999973E-05
7.60399999999999970E-05
7.64310000000000006E-05
7.63880000000000011E-05
7.64200000000000036E-05
1.83661999999999991E-04
7.93339999999999963E-05
7.69619999999999994E-05
7.62360000000000067E-05
7.60730000000000016E-05
9.60289999999999983E-05
7.58779999999999942E-05
8.17069999999999955E-05
7.62360000000000067E-05
7.63770000000000041E-05
7.68640000000000013E-05
7.65500000000000040E-05
1.02453000000000003E-04
7.70599999999999974E-05
7.66579999999999969E-05
7.65599999999999988E-05
7.61280000000000002E-05
7.63220000000000055E-05
7.60300000000000022E-05
9.62670000000000051E-05
8.13379999999999995E-05
7.59649999999999952E-05
7.56179999999999933E-05
7.62900000000000031E-05
7.62470000000000037E-05
9.49670000000000006E-05
7.63330000000000025E-05
7.60409999999999992E-05
1.05970000000000004E-04
7.59219999999999958E-05
7.53800000000000000E-05
7.56079999999999985E-05
7.56939999999999973E-05
8.57369999999999958E-05
7.52609999999999965E-05
5.94539999999999969E-05
5.60089999999999986E-05
5.56420000000000002E-05
5.56090000000000024E-05
5.56839999999999974E-05
5.59120000000000027E-05
5.59450000000000005E-05
5.58139999999999979E-05
5.56520000000000018E-05
5.59659999999999991E-05
5.59880000000000000E-05
5.59339999999999967E-05
5.56740000000000026E-05
5.59880000000000000E-05
5.57390000000000028E-05
5.58470000000000025E-05
5.60320000000000016E-05
5.56520000000000018E-05
5.59550000000000021E-05
5.59989999999999970E-05
5.57279999999999991E-05
5.57929999999999993E-05
5.56959999999999966E-05
5.56520000000000018E-05
7.33980000000000044E-05
5.60859999999999980E-05
5.60420000000000032E-05
5.59020000000000011E-05
6.87169999999999995E-05
5.57600000000000015E-05
5.55759999999999978E-05
5.59450000000000005E-05
5.56520000000000018E-05
5.57279999999999991E-05
5.58690000000000033E-05
5.58579999999999995E-05
5.58800000000000003E-05
5.57059999999999982E-05
5.57390000000000028E-05
5.55549999999999992E-05
5.55650000000000008E-05
5.54249999999999987E-05
5.53700000000000001E-05
5.58359999999999987E-05
5.57269999999999969E-05
5.57720000000000007E-05
5.57820000000000023E-05
5.55660000000000030E-05
5.57820000000000023E-05
5.57929999999999993E-05
5.57600000000000015E-05
5.95849999999999996E-05
6.83379999999999952E-05
8.06670000000000054E-05
7.57489999999999959E-05
7.73520000000000007E-05
7.37980000000000005E-05
5.60209999999999978E-05
5.57170000000000020E-05
6.81209999999999937E-05
8.61699999999999966E-05
5.59989999999999970E-05
5.59229999999999997E-05
6.20440000000000043E-05
6.47299999999999986E-05
1.42733000000000004E-04
1.15032999999999995E-04
7.13020000000000027E-05
6.99310000000000052E-05
7.02520000000000043E-05
7.08909999999999960E-05
7.06420000000000057E-05
7.05819999999999961E-05
8.69520000000000037E-05
7.07510000000000007E-05
7.07220000000000049E-05
7.11009999999999957E-05
7.11319999999999959E-05
8.05920000000000036E-05
9.37719999999999960E-05
7.04420000000000008E-05
7.00710000000000005E-05
7.06319999999999973E-05
7.07710000000000039E-05
7.07119999999999965E-05
7.07309999999999975E-05
7.06610000000000067E-05
9.06220000000000007E-05
7.05620000000000064E-05
6.99610000000000032E-05
7.03419999999999984E-05
7.02520000000000043E-05
7.03109999999999982E-05
9.56019999999999971E-05
7.27720000000000005E-05
7.07909999999999936E-05
7.01119999999999955E-05
6.99810000000000064E-05
8.77819999999999940E-05
6.97419999999999974E-05
7.46520000000000029E-05
7.00809999999999953E-05
7.02719999999999940E-05
7.07109999999999943E-05
7.04320000000000060E-05
9.36320000000000007E-05
7.08320000000000022E-05
7.05410000000000011E-05
7.04320000000000060E-05
7.00519999999999995E-05
7.02109999999999957E-05
6.99420000000000022E-05
8.75320000000000015E-05
7.41810000000000001E-05
6.98820000000000062E-05
6.95319999999999977E-05
7.01809999999999977E-05
7.01520000000000019E-05
8.67420000000000040E-05
7.01509999999999997E-05
6.99720000000000002E-05
9.64679999999999986E-05
6.97409999999999952E-05
6.93420000000000012E-05
6.95710000000000019E-05
6.96419999999999949E-05
7.88719999999999997E-05
6.92510000000000049E-05
5.47109999999999985E-05
5.15420000000000022E-05
5.12210000000000031E-05
5.11809999999999967E-05
5.12510000000000011E-05
5.14509999999999992E-05
5.14909999999999988E-05
5.13819999999999970E-05
5.12110000000000015E-05
5.15110000000000020E-05
5.15309999999999984E-05
5.14809999999999972E-05
5.12409999999999995E-05
5.15219999999999990E-05
5.13010000000000023E-05
5.14009999999999980E-05
5.15709999999999980E-05
5.12210000000000031E-05
5.14909999999999988E-05
5.15420000000000022E-05
5.12910000000000007E-05
5.13410000000000019E-05
5.12709999999999975E-05
5.12110000000000015E-05
6.69620000000000003E-05
5.15610000000000032E-05
5.15809999999999996E-05
5.14509999999999992E-05
6.26620000000000042E-05
5.12610000000000027E-05
5.11509999999999987E-05
5.14809999999999972E-05
5.12210000000000031E-05
5.12809999999999991E-05
5.14120000000000018E-05
5.14109999999999996E-05
5.14409999999999976E-05
5.12709999999999975E-05
5.13010000000000023E-05
5.11310000000000022E-05
5.11419999999999993E-05
5.10109999999999966E-05
5.09709999999999970E-05
5.14009999999999980E-05
5.12910000000000007E-05
5.13310000000000003E-05
5.13310000000000003E-05
5.11419999999999993E-05
5.13410000000000019E-05
5.13410000000000019E-05
5.13209999999999987E-05
5.48110000000000009E-05
6.28720000000000038E-05
7.37409999999999975E-05
6.96119999999999969E-05
7.11319999999999959E-05
6.73609999999999942E-05
5.15010000000000004E-05
5.12709999999999975E-05
6.21219999999999992E-05
7.86419999999999968E-05
5.14710000000000024E-05
5.14710000000000024E-05
5.64710000000000019E-05
5.94919999999999989E-05
1.10253000000000003E-04
