-3.29833045298997651E-01
9.78490000000000045E-05
7.47409999999999947E-05
7.50340000000000002E-05
7.50550000000000056E-05
7.49039999999999998E-05
1.13740999999999994E-04
7.38199999999999946E-05
7.34410000000000038E-05
7.35599999999999937E-05
7.39290000000000032E-05
7.99409999999999991E-05
7.35929999999999983E-05
9.08400000000000044E-05
7.40470000000000044E-05
9.61259999999999941E-05
6.41349999999999950E-05
7.32459999999999963E-05
7.72869999999999937E-05
7.63330000000000025E-05
8.05480000000000020E-05
7.70049999999999988E-05
8.42739999999999998E-05
8.34730000000000053E-05
7.66579999999999969E-05
7.50340000000000002E-05
7.38089999999999975E-05
7.90309999999999960E-05
8.03210000000000057E-05
1.84777999999999998E-04
1.13552000000000000E-04
1.01899999999999997E-04
7.54990000000000034E-05
7.55540000000000020E-05
7.53039999999999959E-05
8.15120000000000016E-05
5.60639999999999972E-05
5.56950000000000012E-05
7.50980000000000050E-05
8.04399999999999956E-05
7.71560000000000046E-05
7.81750000000000028E-05
8.37979999999999997E-05
7.55100000000000004E-05
7.92580000000000059E-05
7.65820000000000064E-05
8.26279999999999956E-05
7.70270000000000064E-05
7.64529999999999946E-05
7.68530000000000043E-05
7.55529999999999998E-05
7.61600000000000027E-05
7.61170000000000032E-05
7.57919999999999953E-05
7.60629999999999932E-05
1.12165999999999996E-04
8.26169999999999986E-05
8.15550000000000010E-05
1.28047000000000002E-04
6.99639999999999962E-05
7.94970000000000014E-05
7.52289999999999941E-05
1.02336000000000004E-04
1.14801000000000001E-04
7.40259999999999990E-05
7.49360000000000022E-05
7.37120000000000017E-05
7.40910000000000060E-05
7.24770000000000042E-05
7.25959999999999941E-05
7.31909999999999977E-05
7.37880000000000057E-05
7.43610000000000018E-05
9.75669999999999961E-05
7.49690000000000068E-05
7.45999999999999973E-05
7.34950000000000002E-05
7.31919999999999999E-05
7.36580000000000053E-05
7.53909999999999970E-05
7.55529999999999998E-05
1.01224000000000005E-04
7.62580000000000007E-05
7.80989999999999988E-05
7.64200000000000036E-05
7.76550000000000010E-05
7.74270000000000025E-05
7.71029999999999968E-05
7.74499999999999988E-05
7.68210000000000019E-05
7.80779999999999934E-05
7.61819999999999967E-05
7.84129999999999962E-05
7.61819999999999967E-05
8.22589999999999997E-05
5.81760000000000000E-05
5.57390000000000028E-05
5.57600000000000015E-05
5.57600000000000015E-05
5.57059999999999982E-05
5.57929999999999993E-05
5.74720000000000013E-05
6.28350000000000040E-05
5.57820000000000023E-05
5.55440000000000022E-05
5.59229999999999997E-05
5.59770000000000029E-05
5.57390000000000028E-05
7.55749999999999939E-05
5.59339999999999967E-05
5.57720000000000007E-05
5.60089999999999986E-05
5.57820000000000023E-05
6.06900000000000034E-05
5.58370000000000009E-05
5.58359999999999987E-05
5.58150000000000001E-05
5.57489999999999977E-05
5.57929999999999993E-05
5.57929999999999993E-05
8.24220000000000047E-05
8.17389999999999979E-05
7.59440000000000034E-05
7.60300000000000022E-05
7.57270000000000019E-05
7.57600000000000065E-05
7.59979999999999998E-05
7.62150000000000013E-05
7.71790000000000009E-05
8.83319999999999939E-05
6.87519999999999950E-05
6.90309999999999969E-05
6.90619999999999971E-05
6.89009999999999964E-05
1.03813000000000004E-04
6.78410000000000032E-05
6.75719999999999961E-05
6.76610000000000015E-05
6.80119999999999987E-05
7.30010000000000012E-05
6.76219999999999973E-05
8.30220000000000057E-05
6.79609999999999953E-05
8.78420000000000036E-05
5.89419999999999991E-05
6.73110000000000066E-05
7.05220000000000001E-05
7.01720000000000051E-05
7.35510000000000010E-05
7.07919999999999958E-05
7.69619999999999994E-05
7.61410000000000016E-05
7.04420000000000008E-05
6.90210000000000021E-05
6.77219999999999998E-05
7.21019999999999951E-05
7.31510000000000049E-05
8.93120000000000014E-05
1.02527000000000003E-04
9.27219999999999976E-05
6.93910000000000002E-05
6.95019999999999997E-05
6.92709999999999946E-05
7.44019999999999968E-05
5.15510000000000016E-05
5.12610000000000027E-05
6.85520000000000037E-05
7.33920000000000048E-05
7.09409999999999972E-05
7.13520000000000040E-05
7.64719999999999956E-05
6.93910000000000002E-05
7.22319999999999955E-05
7.03810000000000026E-05
7.54209999999999950E-05
7.07720000000000061E-05
7.02609999999999970E-05
7.07119999999999965E-05
6.95119999999999945E-05
7.00910000000000037E-05
7.00420000000000046E-05
6.97010000000000023E-05
6.99519999999999970E-05
1.02267000000000002E-04
7.54820000000000068E-05
7.42919999999999995E-05
1.16837000000000006E-04
6.41919999999999980E-05
7.24609999999999962E-05
6.90919999999999951E-05
9.31039999999999949E-05
1.04661000000000006E-04
6.79109999999999940E-05
6.88720000000000006E-05
6.77509999999999956E-05
6.81120000000000011E-05
6.66509999999999959E-05
6.66819999999999962E-05
6.72410000000000022E-05
6.78520000000000002E-05
6.83610000000000050E-05
8.90220000000000025E-05
6.88819999999999954E-05
6.86419999999999977E-05
6.76110000000000003E-05
6.73419999999999932E-05
6.77410000000000008E-05
6.92820000000000051E-05
6.94809999999999943E-05
9.22370000000000047E-05
7.00809999999999953E-05
7.18319999999999994E-05
7.02909999999999950E-05
7.14219999999999948E-05
7.11720000000000023E-05
7.09109999999999992E-05
7.11819999999999971E-05
7.05809999999999939E-05
7.18220000000000045E-05
7.00019999999999983E-05
7.20810000000000033E-05
7.00519999999999995E-05
7.51009999999999981E-05
5.34610000000000020E-05
5.13109999999999971E-05
5.13109999999999971E-05
5.13209999999999987E-05
5.12709999999999975E-05
5.13509999999999967E-05
5.28610000000000009E-05
5.78210000000000009E-05
5.13410000000000019E-05
5.11210000000000006E-05
5.14610000000000008E-05
5.15219999999999990E-05
5.13010000000000023E-05
6.89209999999999996E-05
5.14120000000000018E-05
5.13310000000000003E-05
5.15610000000000032E-05
5.13410000000000019E-05
5.58609999999999993E-05
5.13810000000000015E-05
5.13919999999999986E-05
5.13709999999999999E-05
5.12809999999999991E-05
5.13310000000000003E-05
5.13410000000000019E-05
7.54519999999999952E-05
7.45319999999999972E-05
6.97810000000000016E-05
6.99420000000000022E-05
6.96510000000000011E-05
6.97020000000000045E-05
6.98719999999999978E-05
7.00610000000000057E-05
7.10120000000000038E-05
