-0.32983304529899776
0.00012269000000000001
5.9802000000000001e-05
7.819700000000001e-05
5.6702e-05
0.000109863
7.6073000000000002e-05
5.9368000000000005e-05
6.5164000000000002e-05
5.7472000000000001e-05
0.00014627500000000002
0.00021431000000000003
0.00017414400000000002
5.9812000000000003e-05
6.7201000000000009e-05
6.1502000000000008e-05
6.1513000000000005e-05
7.5542000000000003e-05
7.3147999999999998e-05
0.00015065200000000001
6.2714999999999998e-05
6.0938000000000005e-05
8.3267000000000001e-05
6.1676000000000011e-05
6.1296000000000004e-05
6.1599000000000004e-05
6.2531000000000002e-05
6.2791000000000002e-05
6.4296999999999998e-05
5.8209000000000005e-05
5.8306e-05
5.8317000000000004e-05
5.6898000000000003e-05
6.4524000000000008e-05
8.2086e-05
6.403700000000001e-05
5.7786000000000005e-05
5.8729000000000006e-05
8.0612000000000007e-05
5.8762000000000004e-05
5.9140000000000006e-05
5.9303000000000005e-05
5.9389000000000003e-05
5.8804000000000001e-05
5.9335000000000007e-05
5.8794000000000007e-05
5.7223000000000004e-05
5.8664000000000006e-05
6.6106000000000007e-05
5.9650000000000007e-05
5.9422000000000001e-05
5.8848000000000003e-05
6.0104000000000006e-05
6.6484999999999998e-05
5.8989000000000001e-05
5.9368000000000005e-05
8.3625e-05
5.8805000000000004e-05
5.6313000000000001e-05
5.8230000000000003e-05
7.1046000000000011e-05
5.8372000000000003e-05
5.8068e-05
6.4859999999999999e-05
6.1480000000000001e-05
6.8132000000000004e-05
6.1156000000000009e-05
7.9247000000000009e-05
6.1317999999999998e-05
6.1057999999999997e-05
6.1317999999999998e-05
6.1577999999999999e-05
6.947600000000001e-05
5.783e-05
5.7862000000000003e-05
6.5186000000000009e-05
6.5467000000000002e-05
7.1447000000000009e-05
5.9325000000000005e-05
9.3958999999999999e-05
5.6985000000000004e-05
0.00010015600000000001
0.000131352
5.8360000000000004e-05
0.000112799
0.00010785300000000001
0.00015460100000000001
5.6010000000000001e-05
5.4785000000000005e-05
0.01012152
7.7189000000000009e-05
6.0603000000000002e-05
5.8577000000000005e-05
5.8621000000000007e-05
5.9075000000000006e-05
5.9021000000000003e-05
8.2801000000000009e-05
8.8003000000000004e-05
0.00025283200000000004
5.8902000000000006e-05
5.8913000000000003e-05
5.8220000000000002e-05
5.8740000000000003e-05
5.9075000000000006e-05
5.8988000000000005e-05
5.9628000000000006e-05
5.8696000000000002e-05
5.9206000000000002e-05
7.7655000000000001e-05
5.8523000000000002e-05
5.8035000000000003e-05
5.9682000000000002e-05
6.0397000000000005e-05
5.8816000000000001e-05
5.8501000000000001e-05
5.8989000000000001e-05
5.8436000000000001e-05
5.9259000000000003e-05
5.8057000000000003e-05
5.7959000000000005e-05
5.7743000000000006e-05
5.7646000000000003e-05
5.7277000000000001e-05
5.7786000000000005e-05
5.8707000000000006e-05
5.7786000000000005e-05
5.7581000000000003e-05
5.7645000000000001e-05
8.3462000000000008e-05
0.00011146200000000001
5.4951000000000003e-05
7.1302000000000003e-05
5.1951000000000005e-05
0.000100413
6.9251000000000005e-05
5.4521000000000002e-05
5.9471e-05
5.2791000000000003e-05
0.000134043
0.00017523900000000002
0.00013736800000000002
5.4982000000000003e-05
6.131100000000001e-05
5.6521000000000003e-05
5.6572000000000007e-05
6.9021000000000002e-05
6.7212000000000006e-05
5.6281000000000005e-05
5.7571000000000002e-05
5.6041000000000001e-05
7.6112000000000006e-05
5.6661000000000005e-05
5.6352000000000005e-05
5.6651000000000004e-05
5.7491000000000002e-05
5.7752000000000005e-05
5.8631000000000002e-05
5.3491e-05
5.3621e-05
5.3632000000000004e-05
5.2331000000000004e-05
5.8811000000000003e-05
7.4942000000000002e-05
5.8371000000000001e-05
5.3122000000000004e-05
5.3951000000000006e-05
7.3431000000000009e-05
5.3941000000000004e-05
5.4361000000000004e-05
5.4541000000000005e-05
5.4572000000000005e-05
5.4031000000000005e-05
5.4541000000000005e-05
5.4061000000000003e-05
5.2601e-05
5.3961000000000001e-05
6.0301000000000004e-05
5.4761000000000006e-05
5.4632000000000001e-05
5.4041000000000007e-05
5.5251000000000003e-05
6.0652000000000001e-05
5.4221000000000001e-05
5.4601000000000001e-05
7.6292000000000007e-05
5.3971000000000002e-05
5.1781000000000004e-05
5.3492000000000002e-05
6.4781000000000002e-05
5.3611000000000006e-05
5.3391000000000004e-05
5.9071000000000004e-05
5.6501000000000007e-05
6.2142000000000002e-05
5.6201000000000006e-05
7.2392000000000008e-05
5.6371000000000006e-05
5.6161000000000007e-05
5.6381000000000001e-05
5.6632000000000003e-05
6.3270999999999998e-05
5.3181000000000005e-05
5.3202000000000003e-05
5.9451000000000004e-05
5.9671000000000005e-05
6.5182e-05
5.4491000000000004e-05
8.589200000000001e-05
5.2381000000000006e-05
9.1412000000000012e-05
0.00012013800000000001
5.3551000000000003e-05
0.00010309300000000001
9.8427000000000012e-05
0.00014162800000000001
5.1451000000000006e-05
5.0361000000000001e-05
0.0093314629999999999
7.0471999999999999e-05
5.5631000000000003e-05
5.3852000000000005e-05
5.3931000000000003e-05
5.4331000000000005e-05
5.4211000000000007e-05
7.5492000000000002e-05
8.0124000000000007e-05
0.00023274300000000002
5.4071000000000005e-05
5.4132000000000003e-05
5.3531000000000006e-05
5.4021000000000003e-05
5.4311000000000002e-05
5.4222000000000004e-05
5.4801000000000006e-05
5.3931000000000003e-05
5.4411000000000005e-05
7.0792000000000009e-05
5.3791e-05
5.3371000000000001e-05
5.4861000000000002e-05
5.5541000000000002e-05
5.4081000000000006e-05
5.3811000000000004e-05
5.4261000000000001e-05
5.3721000000000003e-05
5.4461000000000006e-05
5.3381000000000003e-05
5.3312000000000001e-05
5.3091000000000004e-05
5.3001000000000003e-05
5.2661000000000003e-05
5.3131000000000003e-05
5.3992000000000001e-05
5.3131000000000003e-05
5.2931000000000005e-05
5.3001000000000003e-05
7.6092000000000003e-05
