-0.32983304529899776
0.00014323100000000001
7.8500000000000011e-05
5.7949000000000004e-05
5.8025000000000001e-05
5.9488000000000004e-05
6.0008000000000006e-05
5.7082000000000007e-05
5.7331000000000004e-05
5.9520000000000006e-05
8.7611000000000012e-05
6.4016000000000005e-05
0.00023036500000000001
5.9736000000000005e-05
5.9920000000000002e-05
6.0885000000000004e-05
6.0202000000000004e-05
6.0169000000000006e-05
6.0570000000000005e-05
8.7991000000000005e-05
5.8750000000000005e-05
5.9217000000000006e-05
5.9260000000000005e-05
6.0159000000000005e-05
5.9401000000000003e-05
5.9324000000000003e-05
0.00011912600000000001
8.5000000000000006e-05
5.7570000000000006e-05
5.7862000000000003e-05
5.7667000000000002e-05
0.00022450400000000002
7.161e-05
7.7904000000000005e-05
0.000103331
0.00013994800000000001
5.9368000000000005e-05
5.8848000000000003e-05
7.2866000000000003e-05
0.00011398
5.7505000000000006e-05
5.8718000000000003e-05
5.7418000000000005e-05
5.7321000000000002e-05
6.5532000000000009e-05
8.7643000000000001e-05
6.5987000000000004e-05
5.9812000000000003e-05
6.0018000000000007e-05
5.9585000000000006e-05
7.3831000000000005e-05
0.000106581
6.0473000000000002e-05
0.000105302
6.5739000000000002e-05
0.00010506400000000001
5.9195000000000005e-05
0.00016343600000000001
0.000311195
5.8793000000000004e-05
7.2022000000000009e-05
9.2421000000000002e-05
7.9475000000000007e-05
8.6235000000000004e-05
0.000109029
6.0321000000000001e-05
6.0982000000000007e-05
5.8631000000000002e-05
5.7602000000000002e-05
5.8610000000000003e-05
5.7689000000000003e-05
5.8697000000000004e-05
6.6181999999999998e-05
7.3506000000000011e-05
8.8424000000000006e-05
6.6150000000000009e-05
7.933400000000001e-05
7.3582000000000001e-05
9.1815000000000001e-05
0.0075720140000000002
0.000214725
6.1004000000000001e-05
6.0007000000000003e-05
6.154600000000001e-05
6.1709000000000002e-05
6.2033000000000007e-05
6.2098000000000001e-05
6.1447999999999998e-05
9.098e-05
6.264000000000001e-05
0.000106809
0.00013456300000000001
6.1156000000000009e-05
0.00020509
6.1199000000000008e-05
6.0831000000000001e-05
6.0852000000000006e-05
6.1686000000000005e-05
6.1437000000000001e-05
0.000150674
6.0777000000000004e-05
6.0690000000000003e-05
6.7612000000000003e-05
6.1524000000000003e-05
6.0852000000000006e-05
6.127400000000001e-05
6.1004000000000001e-05
6.0690000000000003e-05
6.0267000000000004e-05
6.0906000000000003e-05
6.0939e-05
6.1360999999999997e-05
6.114400000000001e-05
6.0701e-05
0.000104555
6.1026000000000002e-05
6.1231000000000011e-05
6.1155000000000007e-05
6.1307000000000001e-05
6.1123000000000004e-05
6.0744000000000007e-05
6.0819000000000002e-05
6.0971000000000003e-05
8.3267000000000001e-05
6.137300000000001e-05
6.1317999999999998e-05
6.0658000000000001e-05
6.0668000000000003e-05
6.0603000000000002e-05
0.000130483
7.1651999999999998e-05
5.3281e-05
5.3361000000000006e-05
5.4742000000000005e-05
5.5191000000000001e-05
5.2491000000000003e-05
5.2751000000000004e-05
5.4731000000000002e-05
7.9981000000000006e-05
5.8852000000000005e-05
0.000109512
5.4921000000000005e-05
5.5051000000000005e-05
5.5971000000000003e-05
5.5352000000000001e-05
5.5341000000000004e-05
5.5691000000000006e-05
8.0322000000000008e-05
5.4001e-05
5.4461000000000006e-05
5.4492000000000006e-05
5.5301000000000005e-05
5.4551000000000007e-05
5.4551000000000007e-05
0.00010901300000000001
7.7502000000000004e-05
5.2901000000000001e-05
5.3151000000000007e-05
5.3031000000000001e-05
0.00020623500000000001
6.5282000000000003e-05
7.1031000000000005e-05
9.4062000000000008e-05
0.000128202
5.4502000000000001e-05
5.4091000000000001e-05
6.6561000000000002e-05
0.00010388200000000001
5.2841000000000005e-05
5.4011000000000002e-05
5.2802e-05
5.2701000000000002e-05
5.9731000000000001e-05
7.995200000000001e-05
6.0131000000000004e-05
5.4952000000000005e-05
5.5201000000000002e-05
5.4781000000000003e-05
6.7411999999999998e-05
9.6582000000000005e-05
5.5552000000000006e-05
9.6272000000000003e-05
5.9951000000000002e-05
9.5911999999999999e-05
5.4351000000000002e-05
0.00014995300000000001
0.000286447
5.3961000000000001e-05
6.5701e-05
8.4332000000000005e-05
7.2572000000000009e-05
7.8562000000000011e-05
9.971200000000001e-05
5.5472e-05
5.6091000000000002e-05
5.3931000000000003e-05
5.2991000000000001e-05
5.3541000000000001e-05
5.3061000000000006e-05
5.3951000000000006e-05
6.0401000000000007e-05
6.668200000000001e-05
8.0601999999999998e-05
6.0321000000000001e-05
7.2461999999999998e-05
6.7151000000000008e-05
8.3871999999999999e-05
0.0069880840000000003
0.00019605700000000002
5.6072000000000001e-05
5.5191000000000001e-05
5.6621000000000006e-05
5.6731000000000003e-05
5.7031000000000003e-05
5.7101000000000001e-05
5.6511000000000002e-05
8.2872000000000002e-05
5.7531000000000002e-05
9.7613000000000002e-05
0.00012322200000000001
5.6041000000000001e-05
0.00018821400000000002
5.6252000000000003e-05
5.5951e-05
5.5981000000000005e-05
5.6721000000000001e-05
5.6502000000000002e-05
0.00013811300000000001
5.5841000000000003e-05
5.5831000000000001e-05
6.1662000000000007e-05
5.6581000000000006e-05
5.5961000000000002e-05
5.6362000000000007e-05
5.6091000000000002e-05
5.5821000000000006e-05
5.5441000000000007e-05
5.5991000000000007e-05
5.6031000000000006e-05
5.6421000000000001e-05
5.6232000000000006e-05
5.5791000000000002e-05
9.5932000000000002e-05
5.6081000000000001e-05
5.6302000000000004e-05
5.6231000000000004e-05
5.6381000000000001e-05
5.6211000000000001e-05
5.5871000000000001e-05
5.5891000000000004e-05
5.6081000000000001e-05
7.6021999999999998e-05
5.6401000000000004e-05
5.6392000000000005e-05
5.5781000000000007e-05
5.5781000000000007e-05
5.5741e-05
