-3.29833045298997651E-01
1.09321999999999994E-04
7.62249999999999961E-05
7.62139999999999991E-05
7.83149999999999981E-05
7.31270000000000064E-05
7.26610000000000011E-05
9.46629999999999981E-05
7.20430000000000012E-05
7.17610000000000063E-05
7.18369999999999968E-05
7.25849999999999971E-05
7.28449999999999980E-05
7.36899999999999941E-05
7.18369999999999968E-05
7.33860000000000052E-05
7.38529999999999992E-05
7.26500000000000041E-05
7.51199999999999991E-05
7.64310000000000006E-05
7.44699999999999968E-05
7.46319999999999997E-05
7.47839999999999941E-05
7.43289999999999993E-05
7.50110000000000040E-05
7.41779999999999935E-05
7.30619999999999994E-05
7.34090000000000014E-05
7.64310000000000006E-05
7.59440000000000034E-05
1.74279999999999992E-04
8.24439999999999987E-05
7.33319999999999952E-05
7.26389999999999935E-05
9.95279999999999998E-05
8.06340000000000008E-05
7.50110000000000040E-05
7.67340000000000009E-05
7.67449999999999979E-05
7.62900000000000031E-05
7.38740000000000045E-05
8.01360000000000066E-05
9.59640000000000048E-05
7.53250000000000013E-05
7.50769999999999996E-05
7.98649999999999951E-05
9.52919999999999950E-05
7.32349999999999993E-05
7.28340000000000010E-05
8.21399999999999962E-05
7.38519999999999970E-05
7.32779999999999987E-05
7.32349999999999993E-05
7.33329999999999974E-05
7.35710000000000042E-05
7.34300000000000068E-05
7.20870000000000029E-05
7.48060000000000017E-05
7.34189999999999962E-05
7.34739999999999948E-05
7.28889999999999996E-05
7.30299999999999970E-05
9.32229999999999984E-05
7.31049999999999989E-05
7.35280000000000048E-05
7.41559999999999995E-05
7.37010000000000047E-05
7.30070000000000008E-05
7.92370000000000005E-05
7.45999999999999973E-05
7.45129999999999962E-05
7.42419999999999983E-05
7.41440000000000003E-05
7.30400000000000054E-05
7.43070000000000053E-05
7.81640000000000058E-05
7.31919999999999999E-05
7.65940000000000056E-05
7.28009999999999964E-05
7.48269999999999936E-05
7.49790000000000016E-05
7.52280000000000055E-05
7.45780000000000032E-05
7.48599999999999982E-05
7.50980000000000050E-05
7.48920000000000006E-05
7.26940000000000057E-05
7.38519999999999970E-05
7.49029999999999976E-05
7.49899999999999986E-05
7.47400000000000061E-05
1.01012000000000001E-04
7.40590000000000036E-05
7.52390000000000025E-05
7.63010000000000001E-05
8.23569999999999977E-05
7.39499999999999950E-05
7.52499999999999995E-05
8.34939999999999971E-05
7.42859999999999999E-05
7.91929999999999989E-05
9.11639999999999966E-05
7.20000000000000018E-05
7.20969999999999977E-05
7.18799999999999962E-05
7.18049999999999944E-05
7.16860000000000045E-05
7.19779999999999942E-05
7.18910000000000068E-05
7.33000000000000063E-05
9.05469999999999989E-05
7.33439999999999944E-05
7.19570000000000024E-05
7.30729999999999965E-05
7.37769999999999951E-05
7.37329999999999935E-05
7.42000000000000011E-05
7.35929999999999983E-05
7.62249999999999961E-05
9.77519999999999951E-05
7.67119999999999933E-05
7.50759999999999974E-05
7.42640000000000059E-05
7.55100000000000004E-05
7.43300000000000015E-05
7.45999999999999973E-05
7.48169999999999987E-05
7.40259999999999990E-05
7.37109999999999995E-05
9.83320000000000065E-05
7.01009999999999985E-05
7.01220000000000039E-05
7.14510000000000042E-05
6.72420000000000043E-05
6.68309999999999976E-05
8.64520000000000051E-05
6.61720000000000027E-05
6.60209999999999969E-05
6.60920000000000035E-05
6.67910000000000048E-05
6.70219999999999963E-05
6.78009999999999968E-05
6.61120000000000067E-05
6.75409999999999959E-05
6.79319999999999994E-05
6.68510000000000008E-05
6.91020000000000035E-05
7.02719999999999940E-05
6.85010000000000003E-05
6.86320000000000029E-05
6.88009999999999940E-05
6.83619999999999936E-05
6.90109999999999937E-05
6.82420000000000016E-05
6.72309999999999938E-05
6.75520000000000065E-05
7.02810000000000002E-05
6.98719999999999978E-05
6.96419999999999949E-05
7.51809999999999973E-05
6.73919999999999944E-05
6.67809999999999964E-05
9.07819999999999992E-05
7.34910000000000050E-05
6.89720000000000030E-05
7.06110000000000055E-05
7.06119999999999941E-05
7.02020000000000031E-05
6.79510000000000004E-05
7.30619999999999994E-05
8.73920000000000062E-05
6.92409999999999966E-05
6.90820000000000003E-05
7.28819999999999978E-05
8.68619999999999961E-05
6.73110000000000066E-05
6.69820000000000035E-05
7.55310000000000058E-05
6.79419999999999943E-05
6.73809999999999974E-05
6.73520000000000016E-05
6.74809999999999999E-05
6.76920000000000017E-05
6.75510000000000043E-05
6.62609999999999946E-05
6.88120000000000046E-05
6.75510000000000043E-05
6.75219999999999949E-05
6.70310000000000025E-05
6.71420000000000019E-05
8.50920000000000045E-05
6.71110000000000017E-05
6.76120000000000025E-05
6.82209999999999962E-05
6.77920000000000042E-05
6.71810000000000061E-05
7.23019999999999999E-05
6.84410000000000042E-05
6.85320000000000005E-05
6.81719999999999971E-05
6.81610000000000001E-05
6.71420000000000019E-05
6.82910000000000006E-05
7.12420000000000067E-05
6.72509999999999970E-05
6.99319999999999938E-05
6.69010000000000020E-05
6.88420000000000026E-05
6.89920000000000062E-05
6.92010000000000037E-05
6.86219999999999945E-05
6.88709999999999984E-05
6.91119999999999983E-05
6.89009999999999964E-05
6.67520000000000006E-05
6.79309999999999972E-05
6.89220000000000018E-05
6.89610000000000060E-05
6.86709999999999935E-05
9.21320000000000049E-05
6.78319999999999970E-05
6.92010000000000037E-05
7.01819999999999999E-05
7.51819999999999995E-05
6.78809999999999960E-05
6.92219999999999956E-05
7.62410000000000041E-05
6.82219999999999984E-05
7.22519999999999987E-05
8.37920000000000001E-05
6.62410000000000050E-05
6.63520000000000044E-05
6.61309999999999941E-05
6.60519999999999971E-05
6.59610000000000009E-05
6.62020000000000008E-05
6.61610000000000057E-05
6.73919999999999944E-05
8.26709999999999950E-05
6.74220000000000060E-05
6.62210000000000018E-05
6.72120000000000063E-05
6.78809999999999960E-05
6.76920000000000017E-05
6.82620000000000047E-05
6.77110000000000027E-05
7.01319999999999987E-05
8.91520000000000029E-05
7.04409999999999986E-05
6.90319999999999991E-05
6.82910000000000006E-05
6.94720000000000016E-05
6.83819999999999968E-05
6.86109999999999975E-05
6.88319999999999942E-05
6.81010000000000041E-05
6.78019999999999990E-05
