-3.29833045298997651E-01
1.13417000000000002E-04
7.51850000000000061E-05
9.11540000000000017E-05
7.54019999999999940E-05
7.60190000000000052E-05
7.56179999999999933E-05
1.25246999999999989E-04
7.50980000000000050E-05
9.43070000000000036E-05
7.54449999999999934E-05
7.46549999999999959E-05
7.42099999999999959E-05
7.36039999999999953E-05
7.44160000000000004E-05
7.76229999999999986E-05
7.63010000000000001E-05
7.34619999999999956E-05
7.32019999999999947E-05
7.25090000000000066E-05
7.27149999999999975E-05
7.29210000000000020E-05
7.84350000000000037E-05
7.24869999999999990E-05
7.98209999999999935E-05
1.16948999999999994E-04
7.60949999999999957E-05
9.23889999999999992E-05
1.76749999999999987E-04
7.73199999999999983E-05
7.60079999999999946E-05
7.65829999999999950E-05
7.66259999999999945E-05
9.74150000000000016E-05
7.62360000000000067E-05
7.61060000000000062E-05
7.65169999999999994E-05
8.00600000000000026E-05
7.53909999999999970E-05
7.55749999999999939E-05
7.56400000000000009E-05
7.60949999999999957E-05
7.52179999999999971E-05
7.41779999999999935E-05
7.17509999999999979E-05
7.34300000000000068E-05
7.34840000000000032E-05
8.90850000000000051E-05
7.55199999999999952E-05
7.65500000000000040E-05
7.57910000000000067E-05
7.36250000000000007E-05
7.61920000000000051E-05
1.45083000000000007E-04
7.51749999999999977E-05
8.53899999999999939E-05
8.64409999999999945E-05
8.61920000000000042E-05
7.58030000000000059E-05
7.59649999999999952E-05
9.67000000000000059E-05
7.59969999999999976E-05
7.66910000000000015E-05
7.68319999999999989E-05
7.68859999999999954E-05
7.67019999999999985E-05
7.67340000000000009E-05
7.68640000000000013E-05
7.64959999999999940E-05
7.67550000000000063E-05
7.66149999999999974E-05
7.67449999999999979E-05
7.68540000000000065E-05
7.64740000000000000E-05
7.58460000000000053E-05
7.65719999999999980E-05
7.63330000000000025E-05
7.63549999999999966E-05
7.67119999999999933E-05
8.61050000000000031E-05
7.56179999999999933E-05
7.93560000000000039E-05
7.26389999999999935E-05
7.29419999999999938E-05
7.33220000000000003E-05
7.24549999999999966E-05
7.29859999999999954E-05
7.67989999999999943E-05
1.09338000000000002E-04
7.36570000000000031E-05
7.40580000000000014E-05
7.20649999999999953E-05
7.32019999999999947E-05
7.47630000000000023E-05
7.45559999999999956E-05
7.45030000000000014E-05
7.59539999999999982E-05
7.66800000000000044E-05
7.61929999999999937E-05
2.38965199999999992E-03
2.08666000000000011E-04
7.52710000000000049E-05
7.53039999999999959E-05
8.73300000000000058E-05
9.82930000000000023E-05
7.51850000000000061E-05
7.51420000000000066E-05
7.52499999999999995E-05
7.51090000000000020E-05
7.52719999999999935E-05
7.53039999999999959E-05
7.52280000000000055E-05
7.52059999999999979E-05
7.51960000000000031E-05
7.51629999999999985E-05
7.50660000000000026E-05
7.50980000000000050E-05
7.51410000000000044E-05
7.51090000000000020E-05
7.50550000000000056E-05
7.50989999999999937E-05
7.50439999999999950E-05
7.50660000000000026E-05
7.49250000000000052E-05
7.51100000000000042E-05
1.36985000000000004E-04
1.20479999999999998E-04
7.52400000000000047E-05
1.39211000000000006E-04
1.02171999999999997E-04
6.91409999999999941E-05
8.32019999999999938E-05
6.92920000000000000E-05
6.99019999999999958E-05
6.94610000000000046E-05
1.14853000000000006E-04
6.90109999999999937E-05
8.60620000000000037E-05
6.93420000000000012E-05
6.86909999999999967E-05
6.82719999999999996E-05
6.77310000000000059E-05
6.84619999999999961E-05
7.14320000000000032E-05
7.01710000000000029E-05
6.75219999999999949E-05
6.73509999999999994E-05
6.67220000000000026E-05
6.68710000000000040E-05
6.70419999999999995E-05
7.15610000000000015E-05
6.66019999999999969E-05
7.27120000000000045E-05
1.06482000000000001E-04
6.98620000000000030E-05
8.43419999999999999E-05
7.02609999999999970E-05
7.07919999999999958E-05
6.99120000000000042E-05
7.04509999999999934E-05
7.04719999999999988E-05
8.89019999999999969E-05
7.00209999999999993E-05
6.99920000000000034E-05
7.03820000000000048E-05
7.30109999999999960E-05
6.92719999999999968E-05
6.95509999999999987E-05
6.94519999999999984E-05
7.00220000000000014E-05
6.92209999999999934E-05
6.82420000000000016E-05
6.60209999999999969E-05
6.75419999999999981E-05
6.70709999999999953E-05
8.13520000000000031E-05
6.93920000000000024E-05
7.03810000000000026E-05
6.97020000000000045E-05
6.77310000000000059E-05
7.00519999999999995E-05
1.32883000000000008E-04
6.90419999999999939E-05
7.79410000000000047E-05
7.93920000000000015E-05
7.87120000000000013E-05
6.96419999999999949E-05
6.98409999999999976E-05
8.82120000000000018E-05
6.98019999999999934E-05
7.05310000000000062E-05
7.06619999999999953E-05
7.07319999999999997E-05
7.05509999999999959E-05
7.05920000000000045E-05
7.07309999999999975E-05
7.03719999999999964E-05
7.06009999999999971E-05
7.04709999999999966E-05
7.06119999999999941E-05
7.06910000000000047E-05
7.03520000000000068E-05
6.97710000000000067E-05
7.04420000000000008E-05
7.02320000000000011E-05
7.02510000000000021E-05
7.05819999999999961E-05
7.86020000000000040E-05
6.94610000000000046E-05
7.24020000000000024E-05
6.66610000000000043E-05
6.71120000000000039E-05
6.74510000000000018E-05
6.66319999999999949E-05
6.70909999999999985E-05
7.06720000000000037E-05
9.95470000000000008E-05
6.76819999999999934E-05
6.81010000000000041E-05
6.62919999999999948E-05
6.73509999999999994E-05
6.87510000000000063E-05
6.85619999999999985E-05
6.84710000000000022E-05
6.98519999999999946E-05
7.04810000000000050E-05
6.99920000000000034E-05
2.20458399999999988E-03
1.89454999999999995E-04
6.91419999999999963E-05
6.92709999999999946E-05
7.96820000000000004E-05
8.96520000000000015E-05
6.90720000000000055E-05
6.91010000000000013E-05
6.92419999999999988E-05
6.90910000000000065E-05
6.92719999999999968E-05
6.92719999999999968E-05
6.92010000000000037E-05
6.91719999999999943E-05
6.91710000000000057E-05
6.91119999999999983E-05
6.90609999999999949E-05
6.91119999999999983E-05
6.91419999999999963E-05
6.91109999999999961E-05
6.90619999999999971E-05
6.90910000000000065E-05
6.90419999999999939E-05
6.90510000000000001E-05
6.89220000000000018E-05
6.91109999999999961E-05
1.25107999999999995E-04
1.10081999999999994E-04
6.90410000000000053E-05
1.27383000000000010E-04
