-0.32983304529899776
0.00013958000000000002
5.8317000000000004e-05
8.2855000000000005e-05
5.9141000000000002e-05
0.00014406800000000002
8.4340000000000009e-05
8.4592000000000006e-05
6.7330000000000008e-05
5.8046000000000006e-05
5.7982000000000002e-05
5.8989000000000001e-05
5.9021000000000003e-05
5.8751e-05
5.8956000000000003e-05
5.8663000000000004e-05
7.078600000000001e-05
6.7623e-05
5.8913000000000003e-05
6.5652000000000001e-05
6.0322000000000003e-05
6.7298000000000005e-05
5.8772000000000006e-05
0.00016741100000000001
5.8176000000000007e-05
6.5251000000000003e-05
5.9996000000000006e-05
5.8956000000000003e-05
8.8250000000000004e-05
5.9228000000000003e-05
5.8306e-05
5.9140000000000006e-05
5.8415000000000002e-05
8.2465000000000004e-05
6.6984000000000008e-05
5.9054000000000001e-05
5.9433000000000005e-05
5.8642000000000005e-05
7.1318000000000011e-05
6.6865000000000004e-05
5.8826000000000002e-05
6.8533000000000003e-05
6.4633000000000003e-05
5.9920000000000002e-05
5.9184000000000001e-05
5.9183000000000006e-05
5.8360000000000004e-05
7.1599000000000003e-05
7.0601999999999999e-05
5.9076000000000002e-05
5.8815000000000005e-05
6.5944000000000004e-05
5.9227000000000001e-05
5.9552000000000002e-05
5.9119000000000001e-05
5.8793000000000004e-05
5.9368000000000005e-05
7.2086000000000001e-05
6.6344e-05
6.0007000000000003e-05
7.2659999999999999e-05
8.7991000000000005e-05
7.9302000000000007e-05
6.7904000000000006e-05
6.6291000000000006e-05
7.1816000000000005e-05
7.9605000000000008e-05
0.00055922900000000006
6.1577999999999999e-05
6.1620999999999998e-05
6.1383000000000005e-05
6.1459000000000009e-05
6.1187999999999998e-05
6.1393e-05
6.1025000000000006e-05
6.1360999999999997e-05
6.1317999999999998e-05
6.7838999999999999e-05
6.1351000000000003e-05
6.1134000000000001e-05
6.1394000000000002e-05
6.1426000000000004e-05
9.8628000000000005e-05
5.9487000000000002e-05
5.8523000000000002e-05
5.8350000000000002e-05
5.8479e-05
5.94e-05
5.9606000000000005e-05
5.9693000000000006e-05
6.0018000000000007e-05
6.0007000000000003e-05
5.9043000000000004e-05
5.9650000000000007e-05
9.630000000000001e-05
5.7461000000000004e-05
0.00056826900000000004
5.7938000000000007e-05
5.8685000000000005e-05
6.7418000000000011e-05
0.00010887700000000001
6.3375999999999998e-05
6.2824000000000007e-05
6.4785000000000011e-05
8.3938000000000008e-05
5.8458000000000002e-05
5.8729000000000006e-05
5.8945000000000006e-05
5.9216000000000004e-05
5.8783000000000003e-05
5.8891000000000002e-05
5.9151000000000003e-05
6.0083000000000001e-05
6.0083000000000001e-05
5.9335000000000007e-05
5.9596000000000003e-05
5.8729000000000006e-05
5.8176000000000007e-05
5.8805000000000004e-05
5.9292000000000001e-05
5.8664000000000006e-05
5.9390000000000006e-05
5.9985000000000003e-05
6.0094000000000004e-05
7.9194000000000001e-05
5.9195000000000005e-05
5.9628000000000006e-05
5.8870000000000004e-05
5.9227000000000001e-05
0.00012696300000000001
5.3562000000000007e-05
7.5551000000000009e-05
5.4112000000000006e-05
0.000131545
7.6961000000000011e-05
7.721400000000001e-05
6.1402000000000006e-05
5.3311000000000005e-05
5.3311000000000005e-05
5.4221000000000001e-05
5.4272000000000005e-05
5.4051000000000001e-05
5.4241000000000005e-05
5.3961000000000001e-05
6.4602000000000003e-05
6.1631000000000007e-05
5.4002000000000002e-05
5.9871000000000003e-05
5.5441000000000007e-05
6.1402000000000006e-05
5.3991000000000005e-05
6.5990999999999999e-05
5.3412000000000003e-05
5.9471e-05
5.5151000000000001e-05
5.4202e-05
8.0571000000000012e-05
5.4412e-05
5.3621e-05
5.4391000000000002e-05
5.3701000000000006e-05
7.5352000000000006e-05
6.1081000000000007e-05
5.4191000000000003e-05
5.4631000000000006e-05
5.3861000000000005e-05
6.5062000000000008e-05
6.0851000000000004e-05
5.3971000000000002e-05
6.2961999999999998e-05
5.8891000000000002e-05
5.5062000000000002e-05
5.4361000000000004e-05
5.4381000000000007e-05
5.3631000000000002e-05
6.5462000000000004e-05
6.4361000000000003e-05
5.4262000000000003e-05
5.3991000000000005e-05
6.0111000000000001e-05
5.4431000000000001e-05
5.4721e-05
5.4351000000000002e-05
5.4011000000000002e-05
5.4472000000000003e-05
6.5751000000000001e-05
6.0641000000000004e-05
5.5192000000000003e-05
6.6371000000000005e-05
8.0521999999999999e-05
7.2472000000000007e-05
6.2001000000000005e-05
6.0402000000000002e-05
6.5780999999999999e-05
7.2652000000000008e-05
0.00051473100000000004
5.6561000000000003e-05
5.6651000000000004e-05
5.6431000000000002e-05
5.6532e-05
5.6271000000000004e-05
5.6451000000000006e-05
5.6132000000000004e-05
5.6431000000000002e-05
5.6381000000000001e-05
6.1910999999999997e-05
5.6401000000000004e-05
5.6211000000000001e-05
5.6461e-05
5.6462000000000003e-05
8.9972000000000012e-05
5.4641000000000001e-05
5.3831e-05
5.3611000000000006e-05
5.3772000000000006e-05
5.4591000000000006e-05
5.4761000000000006e-05
5.4861000000000002e-05
5.5182000000000001e-05
5.5181000000000006e-05
5.4261000000000001e-05
5.4821000000000002e-05
8.8262000000000003e-05
5.2781000000000002e-05
0.00052364600000000001
5.3272000000000001e-05
5.3981000000000004e-05
6.1471000000000008e-05
9.961300000000001e-05
5.7891000000000005e-05
5.7301000000000006e-05
5.9042000000000002e-05
7.6571000000000009e-05
5.3752000000000003e-05
5.4011000000000002e-05
5.4231000000000003e-05
5.4471000000000001e-05
5.4022000000000006e-05
5.4131000000000001e-05
5.4351000000000002e-05
5.5261000000000005e-05
5.5262e-05
5.4561000000000002e-05
5.4771000000000001e-05
5.3981000000000004e-05
5.3472000000000006e-05
5.4041000000000007e-05
5.4501000000000006e-05
5.3901000000000005e-05
5.4602000000000003e-05
5.5151000000000001e-05
5.5241000000000002e-05
7.2102000000000009e-05
5.4321000000000004e-05
5.4781000000000003e-05
5.4082000000000002e-05
5.4431000000000001e-05
