-0.32983304529899776
0.000141497
6.7959000000000004e-05
6.3875000000000008e-05
0.0035459100000000002
0.000218762
6.7418000000000011e-05
5.9357000000000001e-05
0.000101104
5.9487000000000002e-05
5.9379000000000002e-05
5.9563000000000006e-05
5.9238000000000004e-05
5.9412000000000006e-05
5.9726000000000004e-05
6.0517000000000004e-05
5.9899000000000004e-05
6.0300000000000002e-05
8.9485000000000001e-05
5.7168000000000006e-05
5.6031000000000006e-05
5.6984000000000002e-05
5.6584000000000006e-05
5.6735000000000005e-05
5.7071000000000003e-05
5.6746000000000002e-05
5.7494000000000002e-05
5.6345000000000003e-05
5.6909000000000007e-05
5.6942000000000005e-05
5.7342000000000001e-05
5.7093000000000004e-05
5.6854000000000001e-05
5.6703000000000002e-05
5.7873000000000006e-05
5.7114000000000002e-05
5.6779000000000006e-05
0.000343359
0.00010750100000000001
5.7049000000000002e-05
5.6790000000000003e-05
5.6897000000000001e-05
5.6725000000000003e-05
5.7147e-05
5.6801e-05
5.5858000000000006e-05
5.6031000000000006e-05
5.7061000000000001e-05
6.7483000000000004e-05
5.9011000000000001e-05
5.6779000000000006e-05
0.00015586900000000002
6.5532000000000009e-05
5.9931000000000006e-05
5.9920000000000002e-05
5.9704000000000003e-05
5.9866000000000006e-05
5.8945000000000006e-05
7.0007000000000009e-05
6.0343000000000001e-05
5.9357000000000001e-05
5.9704000000000003e-05
5.7688000000000001e-05
7.0331000000000001e-05
6.0073000000000006e-05
6.0343000000000001e-05
5.9520000000000006e-05
6.6941000000000008e-05
6.0950000000000004e-05
0.000101359
7.933400000000001e-05
5.8155000000000001e-05
5.7992000000000003e-05
6.0093000000000002e-05
5.9866000000000006e-05
5.9454000000000004e-05
5.9574000000000003e-05
5.9974000000000005e-05
5.9596000000000003e-05
5.5956000000000004e-05
5.8805000000000004e-05
5.9076000000000002e-05
6.1880999999999999e-05
6.435200000000001e-05
6.0506000000000007e-05
6.0256e-05
5.8859000000000007e-05
8.3289000000000008e-05
5.9336000000000002e-05
5.9346000000000004e-05
5.9552000000000002e-05
5.8729000000000006e-05
5.9477000000000007e-05
5.8545000000000003e-05
5.8577000000000005e-05
5.8804000000000001e-05
9.0829000000000007e-05
7.8045000000000002e-05
5.8826000000000002e-05
5.9140000000000006e-05
5.8458000000000002e-05
6.5186000000000009e-05
9.7862000000000006e-05
8.1707000000000009e-05
5.7569000000000004e-05
8.9778000000000007e-05
5.8501000000000001e-05
0.00011737100000000001
0.00013595
0.00013234300000000002
8.5043000000000006e-05
0.00014922200000000002
6.0321000000000001e-05
6.0213000000000001e-05
5.8599000000000006e-05
5.8101000000000005e-05
5.8458000000000002e-05
5.8263000000000001e-05
5.8663000000000004e-05
5.7906000000000004e-05
5.8122000000000004e-05
5.9260000000000005e-05
5.9130000000000005e-05
5.8458000000000002e-05
5.9899000000000004e-05
5.8653000000000002e-05
6.964900000000001e-05
9.8237000000000002e-05
9.9480000000000003e-05
0.000128763
6.1972000000000009e-05
5.8241000000000007e-05
0.003025378
0.000171254
6.1241000000000005e-05
5.4522000000000004e-05
9.2257000000000008e-05
5.4651000000000002e-05
5.4601000000000001e-05
5.4772000000000003e-05
5.4471000000000001e-05
5.4621000000000004e-05
5.4921000000000005e-05
5.5622000000000004e-05
5.5041000000000004e-05
5.5421000000000004e-05
8.1612000000000004e-05
5.2531000000000002e-05
5.1531000000000005e-05
5.2401000000000002e-05
5.2061000000000002e-05
5.2191000000000002e-05
5.2511000000000006e-05
5.2221e-05
5.2891000000000006e-05
5.1811000000000003e-05
5.2352000000000003e-05
5.2371000000000004e-05
5.2721000000000006e-05
5.2531000000000002e-05
5.2301000000000006e-05
5.2162000000000006e-05
5.3201000000000001e-05
5.2541000000000004e-05
5.2241000000000003e-05
0.00031588699999999999
9.8072000000000006e-05
5.2441000000000002e-05
5.2241000000000003e-05
5.2321000000000003e-05
5.2181000000000001e-05
5.2562000000000003e-05
5.2241000000000003e-05
5.1391000000000003e-05
5.1541e-05
5.2461000000000005e-05
6.2062000000000003e-05
5.4261000000000001e-05
5.2211000000000005e-05
0.000142798
5.9671000000000005e-05
5.5061e-05
5.5091000000000005e-05
5.4922e-05
5.5031000000000002e-05
5.4161000000000005e-05
6.3901999999999999e-05
5.5441000000000007e-05
5.4601000000000001e-05
5.4911000000000003e-05
5.2972e-05
6.4141000000000008e-05
5.5191000000000001e-05
5.5492000000000003e-05
5.4751000000000005e-05
6.1061000000000004e-05
5.6062000000000006e-05
9.2442000000000007e-05
7.2291000000000003e-05
5.3402000000000001e-05
5.3331000000000002e-05
5.5261000000000005e-05
5.5081000000000003e-05
5.4682000000000003e-05
5.4791000000000004e-05
5.5161000000000003e-05
5.4821000000000002e-05
5.1462000000000003e-05
5.4071000000000005e-05
5.4291000000000006e-05
5.6651000000000004e-05
5.9012000000000004e-05
5.5561000000000006e-05
5.5291000000000003e-05
5.4062000000000005e-05
7.5931000000000002e-05
5.4512000000000003e-05
5.4491000000000004e-05
5.4741000000000003e-05
5.3971000000000002e-05
5.4672000000000001e-05
5.3791e-05
5.3861000000000005e-05
5.4061000000000003e-05
8.275200000000001e-05
7.0872000000000009e-05
5.4011000000000002e-05
5.4351000000000002e-05
5.3682000000000005e-05
5.9381000000000006e-05
8.9284000000000008e-05
7.4501999999999999e-05
5.2891000000000006e-05
8.2032000000000003e-05
5.3741000000000006e-05
0.000107373
9.7383000000000013e-05
0.00012120200000000001
7.7602000000000007e-05
0.000136773
5.5402000000000003e-05
5.5371000000000002e-05
5.3831e-05
5.3431000000000004e-05
5.3742000000000001e-05
5.3591000000000002e-05
5.3951000000000006e-05
5.3261000000000004e-05
5.3451e-05
5.4462000000000001e-05
5.4341e-05
5.3691000000000005e-05
5.5071000000000002e-05
5.3922000000000003e-05
6.3581e-05
8.9630000000000008e-05
9.081800000000001e-05
