-3.29833045298997651E-01
1.25906700000000000E-03
7.40040000000000050E-05
3.25716999999999999E-04
1.75679000000000010E-04
5.84469000000000004E-04
1.19061000000000004E-04
1.16190999999999999E-04
8.50540000000000025E-05
8.13599999999999935E-05
1.38312000000000000E-04
7.37870000000000035E-05
2.26340000000000005E-04
2.00101000000000001E-04
7.71680000000000038E-05
1.41843999999999992E-04
1.05833000000000001E-04
5.92379999999999976E-05
8.80229999999999939E-05
2.73823999999999986E-04
3.23681999999999995E-04
1.46348000000000002E-04
8.07749999999999983E-05
8.93769999999999949E-05
7.32029999999999969E-05
7.33329999999999974E-05
7.36359999999999977E-05
7.37440000000000041E-05
8.24549999999999957E-05
7.42099999999999959E-05
8.05579999999999968E-05
8.60409999999999983E-05
7.56079999999999985E-05
7.55529999999999998E-05
7.54130000000000046E-05
1.13481000000000007E-04
1.26849999999999993E-04
7.52820000000000019E-05
7.46109999999999943E-05
7.60089999999999968E-05
8.09049999999999987E-05
7.53690000000000029E-05
7.31149999999999937E-05
7.29210000000000020E-05
7.35160000000000056E-05
7.74489999999999966E-05
7.31270000000000064E-05
7.41770000000000049E-05
7.97890000000000047E-05
8.48490000000000003E-05
8.66360000000000020E-05
7.28550000000000063E-05
7.87930000000000027E-05
7.91280000000000054E-05
7.14479999999999976E-05
7.31380000000000035E-05
7.41450000000000025E-05
7.39610000000000056E-05
8.33860000000000043E-05
8.86840000000000067E-05
8.30929999999999988E-05
8.59210000000000063E-05
8.55959999999999984E-05
1.03732000000000002E-04
7.51960000000000031E-05
1.08714000000000003E-04
1.12018999999999999E-04
7.49360000000000022E-05
8.47839999999999933E-05
8.96580000000000011E-05
8.21399999999999962E-05
7.63439999999999995E-05
7.64310000000000006E-05
1.87865000000000005E-04
7.61060000000000062E-05
7.52599999999999943E-05
2.10821000000000006E-04
7.55310000000000058E-05
7.55529999999999998E-05
7.53039999999999959E-05
7.51629999999999985E-05
7.51739999999999955E-05
8.17829999999999995E-05
8.09270000000000063E-05
7.82719999999999987E-05
6.48279999999999966E-05
5.66169999999999968E-05
8.09700000000000057E-05
6.32579999999999964E-05
8.36899999999999932E-05
1.66946000000000011E-04
2.69084000000000001E-04
7.96700000000000012E-05
8.98539999999999972E-05
6.29640000000000023E-05
7.94209999999999973E-05
7.46760000000000013E-05
1.05259000000000003E-04
1.22246000000000008E-04
7.54339999999999964E-05
7.71349999999999992E-05
7.45350000000000038E-05
7.43719999999999988E-05
7.47739999999999993E-05
7.42640000000000059E-05
7.47409999999999947E-05
7.50550000000000056E-05
7.49579999999999962E-05
7.51199999999999991E-05
7.51749999999999977E-05
7.50329999999999980E-05
7.51950000000000009E-05
1.40576999999999993E-04
7.51640000000000007E-05
1.15310000000000006E-04
1.16462999999999999E-04
8.74160000000000047E-05
8.05050000000000026E-05
8.43279999999999963E-05
8.49019999999999945E-05
8.11759999999999966E-05
8.03739999999999999E-05
8.31690000000000028E-05
7.57160000000000049E-05
7.80659999999999942E-05
7.59000000000000018E-05
9.41869999999999979E-05
7.77959999999999985E-05
2.76808999999999985E-04
1.15871500000000005E-03
6.78910000000000044E-05
2.99190999999999975E-04
1.60714999999999995E-04
4.53848999999999984E-04
1.08301999999999994E-04
1.06051999999999994E-04
7.75520000000000056E-05
7.42120000000000003E-05
1.26403000000000003E-04
6.78309999999999948E-05
2.07569999999999993E-04
1.83229000000000004E-04
7.09219999999999962E-05
1.29662999999999995E-04
9.62819999999999974E-05
5.43910000000000015E-05
8.04219999999999967E-05
2.51310999999999993E-04
2.97303000000000010E-04
1.33590999999999989E-04
7.38219999999999989E-05
8.10219999999999978E-05
6.72720000000000024E-05
6.74409999999999935E-05
6.77620000000000061E-05
6.78110000000000052E-05
7.52220000000000059E-05
6.80810000000000009E-05
7.35419999999999949E-05
7.80320000000000010E-05
6.95009999999999975E-05
6.95119999999999945E-05
6.93719999999999992E-05
1.03812000000000001E-04
1.16102999999999996E-04
6.92010000000000037E-05
6.86520000000000061E-05
6.99509999999999948E-05
7.38620000000000053E-05
6.92419999999999988E-05
6.72610000000000054E-05
6.70620000000000027E-05
6.75810000000000023E-05
7.11819999999999971E-05
6.72809999999999950E-05
6.82519999999999964E-05
7.32409999999999989E-05
7.80619999999999990E-05
7.95819999999999980E-05
6.70219999999999963E-05
7.18710000000000036E-05
7.20920000000000003E-05
6.56210000000000007E-05
6.72619999999999940E-05
6.82110000000000013E-05
6.80619999999999999E-05
7.61319999999999955E-05
8.09719999999999966E-05
7.58810000000000007E-05
7.83620000000000063E-05
7.68020000000000009E-05
9.46119999999999947E-05
6.90510000000000001E-05
9.94029999999999968E-05
1.02381999999999997E-04
6.88910000000000016E-05
7.75609999999999982E-05
8.18819999999999997E-05
7.49420000000000018E-05
7.01710000000000029E-05
7.03320000000000036E-05
1.72284000000000006E-04
6.99120000000000042E-05
6.92510000000000049E-05
1.93494000000000001E-04
6.94009999999999950E-05
6.95220000000000028E-05
6.92810000000000030E-05
6.91619999999999995E-05
6.91609999999999973E-05
6.53010000000000038E-05
7.38720000000000002E-05
7.13809999999999998E-05
5.95819999999999998E-05
5.20909999999999998E-05
7.39220000000000014E-05
5.81109999999999998E-05
7.64620000000000008E-05
1.52972999999999987E-04
2.47105999999999975E-04
7.26109999999999999E-05
8.20320000000000034E-05
5.78220000000000031E-05
7.24609999999999962E-05
6.85919999999999965E-05
9.61319999999999937E-05
1.11713000000000006E-04
6.93209999999999958E-05
7.09820000000000058E-05
6.85609999999999963E-05
6.84319999999999980E-05
6.88009999999999940E-05
6.83420000000000040E-05
6.87519999999999950E-05
6.90609999999999949E-05
6.89819999999999979E-05
6.91010000000000013E-05
6.91719999999999943E-05
6.90309999999999969E-05
6.91919999999999975E-05
1.28722999999999994E-04
6.89809999999999957E-05
1.05050999999999994E-04
1.06154000000000000E-04
7.97719999999999945E-05
7.40220000000000038E-05
7.70219999999999954E-05
7.74510000000000010E-05
7.45919999999999933E-05
7.39220000000000014E-05
7.59209999999999936E-05
6.95520000000000009E-05
7.18419999999999942E-05
6.97409999999999952E-05
8.62819999999999982E-05
7.14419999999999980E-05
2.54394999999999979E-04
