-5.73639450727056754E+00
2.57362000000000020E-04
2.08666000000000011E-04
2.07581999999999992E-04
2.08924999999999996E-04
2.08612000000000001E-04
2.08308000000000012E-04
2.07311000000000008E-04
2.23398999999999993E-04
2.08220999999999997E-04
2.07082999999999996E-04
3.14010999999999999E-04
2.10680999999999998E-04
2.07235000000000004E-04
2.08437999999999999E-04
2.05577999999999989E-04
2.06975000000000003E-04
2.15641999999999993E-04
2.62443000000000008E-04
2.22868999999999997E-04
2.51501000000000003E-04
2.23594000000000001E-04
2.13551000000000002E-04
2.14341999999999988E-04
2.06011999999999992E-04
2.02479999999999999E-04
2.11504000000000000E-04
2.14180000000000013E-04
2.21286000000000009E-04
2.11947999999999998E-04
2.52935999999999992E-04
2.03400000000000011E-04
1.75374000000000005E-04
1.88514999999999993E-04
2.24698999999999998E-04
2.52813000000000007E-04
2.21828000000000005E-04
2.02685999999999990E-04
2.13713000000000005E-04
2.42563999999999990E-04
2.85965000000000004E-04
2.35975999999999992E-04
2.01537000000000005E-04
2.15242000000000010E-04
2.39995999999999997E-04
3.13293999999999986E-04
2.19163000000000002E-04
1.74312999999999996E-04
2.63195999999999992E-04
2.82875999999999993E-04
1.73305000000000009E-04
1.76749999999999987E-04
1.59643999999999991E-04
1.59991000000000007E-04
2.56094000000000005E-04
2.10800000000000001E-04
2.08707999999999995E-04
2.08774000000000004E-04
2.31632000000000008E-04
2.09585999999999995E-04
2.06703999999999991E-04
2.06910000000000009E-04
4.25532000000000004E-04
4.00083999999999987E-04
3.37948000000000024E-04
1.93281999999999997E-04
1.95708999999999993E-04
1.91267000000000010E-04
2.37113999999999993E-04
2.10485000000000002E-04
2.80068999999999978E-04
2.09001000000000000E-04
1.77617000000000004E-04
2.04613999999999989E-04
1.94744000000000004E-04
2.05014999999999988E-04
2.06097999999999991E-04
2.67350999999999982E-04
2.04419000000000009E-04
1.79132999999999994E-04
1.90194000000000002E-04
3.04813000000000024E-04
2.09585999999999995E-04
2.11656000000000008E-04
2.08514000000000003E-04
2.43321999999999999E-04
2.08048000000000011E-04
2.27960000000000006E-04
2.32391000000000005E-04
2.08502999999999992E-04
2.27514999999999993E-04
2.08590000000000007E-04
2.62291000000000000E-04
2.06898999999999999E-04
2.42813000000000008E-04
2.07614000000000008E-04
2.08297000000000001E-04
2.28674999999999988E-04
2.08232000000000008E-04
2.30072999999999991E-04
2.13887000000000007E-04
2.09196000000000008E-04
2.32510000000000008E-04
2.09347999999999989E-04
2.28480000000000008E-04
2.08416999999999994E-04
2.23269000000000007E-04
2.12467999999999999E-04
1.87648000000000003E-04
2.09585999999999995E-04
1.63284000000000004E-04
2.09747999999999998E-04
2.35662999999999997E-04
2.08611000000000012E-04
2.35326000000000003E-04
2.19055000000000009E-04
1.97810000000000005E-04
2.32921999999999990E-04
2.10745999999999991E-04
2.24634000000000004E-04
3.25943999999999995E-04
4.95799000000000001E-04
2.07960999999999997E-04
5.07806999999999985E-04
4.00220000000000014E-04
2.22348000000000006E-04
2.14775999999999991E-04
2.07841999999999993E-04
2.11709999999999991E-04
2.19845000000000007E-04
1.92334000000000005E-04
1.91384999999999998E-04
1.92634000000000013E-04
1.92334000000000005E-04
1.92064999999999998E-04
1.91124000000000009E-04
2.05264999999999994E-04
1.91904000000000011E-04
1.90924000000000004E-04
2.09335000000000001E-04
1.94004000000000008E-04
1.91053999999999991E-04
1.92155000000000006E-04
1.89523999999999997E-04
1.90693999999999987E-04
1.97984999999999996E-04
2.41174999999999994E-04
2.04524999999999998E-04
2.30775000000000012E-04
2.05305000000000000E-04
1.96133999999999989E-04
1.96794999999999989E-04
1.89094000000000003E-04
1.86304000000000011E-04
1.94944999999999998E-04
1.97443999999999989E-04
2.03224999999999993E-04
1.95104000000000008E-04
2.32079999999999987E-04
1.87424000000000000E-04
1.61604000000000007E-04
1.73174000000000006E-04
2.05954000000000000E-04
2.32286000000000005E-04
2.03744000000000006E-04
1.85894000000000006E-04
1.96643999999999996E-04
2.22775000000000008E-04
2.62457999999999973E-04
2.16655000000000005E-04
1.85434000000000000E-04
1.97655000000000004E-04
2.20275000000000001E-04
2.87753999999999983E-04
2.01224999999999999E-04
1.59833000000000013E-04
2.41520999999999994E-04
2.59786000000000023E-04
1.59192999999999992E-04
1.62833999999999993E-04
1.47202999999999993E-04
1.47524000000000006E-04
2.35715000000000002E-04
1.94274000000000004E-04
1.92405000000000012E-04
1.92484000000000009E-04
2.12885000000000006E-04
1.93183999999999999E-04
1.90573999999999995E-04
1.90764999999999994E-04
3.91437999999999975E-04
3.67998999999999985E-04
3.10611999999999987E-04
1.77984000000000009E-04
1.80284000000000011E-04
1.76274000000000000E-04
2.17524999999999988E-04
1.93964000000000002E-04
2.57836000000000003E-04
1.92613999999999996E-04
1.63683999999999987E-04
1.87863999999999989E-04
1.79404000000000006E-04
1.88955000000000009E-04
1.89993999999999997E-04
2.45374999999999988E-04
1.87784000000000003E-04
1.64544000000000002E-04
1.74763999999999996E-04
2.79986000000000026E-04
1.92995000000000005E-04
1.94534000000000005E-04
1.92043999999999993E-04
2.23575000000000000E-04
1.91704999999999995E-04
2.09394000000000008E-04
2.13794999999999995E-04
1.92064999999999998E-04
2.09013999999999988E-04
1.92205000000000007E-04
2.41134999999999988E-04
1.90544000000000011E-04
2.23135000000000011E-04
1.91265000000000006E-04
1.91943999999999990E-04
2.10094999999999987E-04
1.91854000000000010E-04
2.11355000000000012E-04
1.96553999999999989E-04
1.92725000000000009E-04
2.13634000000000008E-04
1.92833999999999990E-04
2.09924999999999993E-04
1.91914000000000006E-04
2.05324999999999990E-04
1.94634000000000007E-04
1.72353999999999997E-04
1.92554000000000000E-04
1.50454000000000007E-04
1.92604000000000001E-04
2.16445000000000005E-04
1.92214000000000013E-04
2.16164999999999988E-04
2.01155000000000008E-04
1.82124000000000007E-04
2.13904999999999992E-04
1.93503999999999996E-04
2.06254999999999996E-04
2.99531999999999978E-04
4.56269999999999994E-04
1.91633999999999988E-04
4.67516000000000014E-04
3.67033000000000008E-04
2.04014999999999991E-04
1.97793999999999997E-04
1.91485000000000000E-04
1.95004000000000005E-04
