-5.7363945072705675
0.000156014
9.848800000000001e-05
9.8217000000000012e-05
9.8098000000000008e-05
9.7914000000000012e-05
9.8065000000000004e-05
0.00011720800000000001
9.7936000000000006e-05
9.7968000000000008e-05
0.00014349
0.00012745700000000001
0.00012729400000000002
0.000127002
0.00013034900000000001
0.00012809600000000001
0.000130252
0.00013246200000000002
0.000132896
0.00021917400000000001
0.00014004600000000001
0.000128508
0.000128887
0.00013171400000000001
9.7913000000000009e-05
0.000100221
0.00011285300000000001
9.8185000000000009e-05
9.7935000000000003e-05
9.8001000000000013e-05
9.7946e-05
9.7903000000000001e-05
9.8087000000000011e-05
9.7816e-05
0.00013640500000000001
0.00013990500000000001
9.7935000000000003e-05
0.000108801
9.9376000000000005e-05
9.8076000000000001e-05
9.7784000000000011e-05
9.7892000000000004e-05
9.787000000000001e-05
0.00011702500000000001
9.7871000000000012e-05
9.769700000000001e-05
9.8011000000000007e-05
9.7762000000000004e-05
9.7686e-05
9.7795000000000008e-05
9.8109000000000005e-05
9.8163000000000002e-05
9.7643e-05
9.7653000000000008e-05
9.7708000000000007e-05
9.7654000000000011e-05
9.7740000000000009e-05
9.7773000000000001e-05
9.7730000000000001e-05
9.7708000000000007e-05
9.7610000000000009e-05
9.7806000000000005e-05
9.7772000000000012e-05
9.7599000000000012e-05
9.7914000000000012e-05
0.00011647200000000001
9.8185000000000009e-05
9.8130000000000011e-05
9.7990000000000002e-05
0.00010124
0.00013459600000000001
0.00012956900000000001
0.00015272200000000002
0.00017518900000000002
0.000127305
0.00012948300000000001
0.000130393
0.00013000300000000001
0.00013676300000000001
0.00013703400000000002
0.00013583100000000002
0.00013397800000000001
0.00013693600000000002
0.00017860300000000002
0.00013276500000000002
0.00013138900000000001
0.000131097
0.00013264600000000002
0.00013295000000000001
0.000129624
0.00012932000000000002
0.00011347100000000001
0.00012212600000000002
0.00013006700000000001
0.00013955800000000002
0.000145408
0.000117805
0.000152764
0.00015205000000000001
0.00015470300000000001
0.00015193000000000002
0.00011262500000000001
0.00016538600000000001
0.000138789
0.000138453
0.00013846400000000001
0.00013954700000000001
0.000138085
0.00013833400000000002
0.000139016
0.000138193
0.00013831300000000002
0.00017130100000000001
0.000139006
0.000138269
0.00014573300000000002
0.00013932000000000001
0.00013932000000000001
0.00013899500000000002
0.00013960100000000002
0.00013936300000000001
0.000138095
0.000138529
0.00013928700000000001
0.00013916800000000001
0.00015134500000000002
0.00014612300000000001
0.000162103
0.000137121
0.00014297300000000002
9.076200000000001e-05
9.0522000000000012e-05
9.0412000000000001e-05
9.0231999999999999e-05
9.0372000000000008e-05
0.000107472
9.0242000000000008e-05
9.0292000000000009e-05
0.00013168200000000002
0.000117422
0.000117293
0.00011701200000000001
0.00012005300000000001
0.00011799300000000001
0.00012000300000000001
0.00012194200000000001
0.00012230300000000001
0.00012144300000000001
0.00012885300000000001
0.000118152
0.00011864300000000001
0.00012073300000000001
9.021200000000001e-05
9.233200000000001e-05
0.000103442
9.0482000000000005e-05
9.0272000000000006e-05
9.0322000000000007e-05
9.0272000000000006e-05
9.0231999999999999e-05
9.0372000000000008e-05
9.0142000000000005e-05
0.00012517300000000002
0.00010044200000000001
9.0252000000000003e-05
0.00010026300000000001
9.1562000000000002e-05
9.0402000000000006e-05
9.0132000000000011e-05
9.0222000000000005e-05
9.021200000000001e-05
0.000107292
9.0172000000000003e-05
9.0042000000000003e-05
9.034200000000001e-05
9.0101999999999999e-05
9.0022e-05
9.0132000000000011e-05
9.0402000000000006e-05
9.0462000000000002e-05
8.9982000000000007e-05
9.000200000000001e-05
9.0062000000000006e-05
9.0012000000000005e-05
9.0072000000000001e-05
9.0112000000000007e-05
9.0072000000000001e-05
9.0062000000000006e-05
8.9962000000000004e-05
9.0152e-05
9.0112000000000007e-05
8.9942e-05
9.0242000000000008e-05
0.000106822
9.0472000000000011e-05
9.0432000000000004e-05
9.0302000000000004e-05
9.3292000000000001e-05
0.000123492
0.00011929300000000001
0.000139703
0.000160834
0.00011722300000000001
0.000119222
0.000120092
0.00011959300000000001
0.00012590300000000002
0.00012608300000000001
0.000125062
0.000123342
0.00012605300000000002
0.00016380400000000001
0.000122263
0.00012106200000000001
0.00012076300000000001
0.00012207299999999999
0.00012246300000000001
0.00011932200000000001
0.000119023
0.000104512
0.00011214300000000001
0.00011929300000000001
0.000128033
0.000133413
0.00010842200000000001
0.000140013
0.000139264
0.000142003
0.000139493
0.00010372200000000001
0.00015194400000000002
0.00012785300000000001
0.00012752300000000002
0.00012757300000000002
0.00012859200000000002
0.00012711300000000001
0.000127393
0.00012796300000000001
0.00012726300000000002
0.00012732300000000001
0.00015727300000000001
0.000128023
0.00012732300000000001
0.00013381300000000001
0.000128243
0.000128283
0.000128083
0.00012853300000000001
0.00012841300000000002
0.00012706300000000001
0.00012762300000000002
0.000128152
0.00012817300000000001
0.000128183
0.00013398300000000001
0.000148763
0.00012621300000000002
