-5.73639450727056754E+00
2.80589999999999995E-04
3.64452999999999988E-04
2.30570000000000010E-04
2.26540999999999998E-04
2.13930999999999995E-04
2.05035999999999993E-04
2.17223999999999992E-04
3.54918000000000019E-04
2.54201999999999976E-04
2.15144000000000012E-04
2.25565999999999988E-04
2.24427999999999986E-04
2.17354000000000006E-04
2.14591000000000006E-04
2.15469000000000007E-04
2.17798000000000004E-04
2.23085000000000010E-04
2.24548000000000006E-04
2.16063999999999997E-04
2.15620999999999988E-04
2.16259999999999993E-04
2.81321000000000012E-04
2.34894000000000004E-04
2.48239999999999995E-04
2.58705000000000024E-04
2.47927000000000000E-04
2.32424000000000009E-04
2.40840999999999993E-04
2.93102000000000000E-04
2.17387000000000011E-04
2.42899999999999995E-04
2.33202999999999996E-04
2.11005999999999992E-04
7.23340999999999958E-04
5.51894000000000039E-04
2.84813999999999987E-04
2.06703999999999991E-04
2.25328000000000008E-04
2.08025999999999990E-04
2.29867000000000000E-04
2.08406000000000010E-04
2.08297000000000001E-04
2.26497000000000010E-04
2.08568000000000013E-04
2.44589000000000026E-04
1.93162999999999994E-04
1.88481999999999989E-04
2.14579999999999995E-04
1.85448999999999993E-04
1.77171999999999990E-04
1.89122000000000010E-04
1.61583000000000001E-04
2.04298999999999990E-04
2.30246000000000004E-04
2.19650999999999988E-04
2.01689000000000013E-04
2.11568999999999993E-04
2.13734999999999999E-04
2.08643999999999990E-04
2.19292999999999989E-04
2.25837000000000000E-04
2.11210999999999994E-04
2.09433999999999987E-04
2.28891000000000001E-04
2.06400999999999991E-04
2.12045000000000007E-04
2.10008999999999988E-04
2.34872000000000010E-04
1.78743000000000006E-04
1.83575000000000003E-04
1.78137000000000006E-04
2.55585999999999975E-04
2.29828999999999998E-04
1.75970000000000011E-04
1.66491000000000002E-04
2.27342999999999995E-04
1.86424999999999991E-04
1.86901000000000005E-04
2.09087999999999988E-04
2.17473999999999998E-04
1.84322000000000001E-04
2.26648999999999991E-04
2.15717999999999997E-04
2.70926000000000001E-04
1.96109000000000002E-04
2.28404000000000004E-04
2.10074000000000008E-04
2.87046000000000003E-04
2.29444999999999996E-04
2.10344000000000004E-04
2.29595999999999988E-04
2.27375000000000011E-04
2.37363000000000011E-04
2.11611999999999993E-04
2.08903999999999991E-04
2.28490999999999991E-04
2.08600999999999990E-04
2.34612000000000010E-04
2.09239999999999996E-04
2.28242000000000001E-04
2.30105000000000007E-04
2.10995000000000008E-04
2.35922000000000009E-04
2.10594000000000010E-04
2.24190000000000007E-04
1.49301300000000007E-03
6.13982000000000004E-04
2.53055999999999984E-04
1.73110000000000001E-04
1.58516000000000012E-04
1.58495000000000006E-04
1.74539000000000004E-04
1.58820000000000001E-04
1.86390999999999998E-04
1.69469999999999988E-04
2.10430999999999992E-04
2.25922999999999998E-04
2.62399999999999981E-04
2.33572000000000006E-04
2.12718000000000005E-04
2.33150000000000002E-04
2.08015000000000007E-04
2.31556999999999992E-04
2.01938000000000004E-04
2.10571999999999989E-04
2.39334999999999998E-04
2.04515999999999991E-04
1.87247000000000005E-04
2.55995999999999980E-04
2.46995000000000016E-04
2.11725000000000010E-04
2.08134999999999999E-04
1.96524000000000004E-04
1.88375000000000012E-04
1.99544000000000013E-04
3.26417000000000016E-04
2.33257999999999995E-04
1.97464000000000005E-04
2.07025000000000004E-04
2.05944999999999994E-04
1.99544000000000013E-04
1.97734999999999990E-04
1.98633999999999996E-04
2.00284999999999998E-04
2.04863999999999996E-04
2.06915000000000007E-04
1.99194000000000004E-04
1.98795000000000010E-04
1.99373999999999992E-04
2.58271000000000021E-04
2.15574999999999995E-04
2.27994999999999988E-04
2.37705000000000002E-04
2.27805000000000005E-04
2.13594000000000002E-04
2.21195000000000012E-04
2.69465999999999998E-04
1.99593999999999987E-04
2.22925000000000011E-04
2.14095000000000003E-04
1.93634000000000010E-04
6.65870999999999954E-04
5.07521000000000035E-04
2.61496000000000005E-04
1.90423999999999991E-04
2.07004999999999987E-04
1.91604000000000004E-04
2.11145000000000012E-04
1.91964000000000007E-04
1.91905000000000000E-04
2.08103999999999998E-04
1.92195000000000012E-04
2.24424999999999993E-04
1.77304000000000009E-04
1.73053999999999987E-04
1.97084000000000012E-04
1.70444000000000010E-04
1.62594000000000009E-04
1.73723999999999992E-04
1.48882999999999991E-04
1.87724000000000007E-04
2.11594999999999996E-04
2.01804999999999997E-04
1.85233999999999995E-04
1.94353999999999989E-04
1.96274999999999987E-04
1.91594000000000009E-04
2.01404999999999987E-04
2.07254000000000005E-04
1.93894999999999999E-04
1.92263999999999987E-04
2.10134999999999993E-04
1.89573999999999998E-04
1.94754999999999988E-04
1.93004000000000011E-04
2.15865000000000008E-04
1.64143999999999992E-04
1.68653000000000000E-04
1.64162999999999993E-04
2.34805000000000013E-04
2.10878999999999998E-04
1.62124000000000008E-04
1.53513000000000006E-04
2.08745000000000008E-04
1.71644000000000012E-04
1.72174000000000009E-04
1.91874000000000000E-04
1.99764000000000007E-04
1.69783999999999999E-04
2.08134999999999999E-04
1.97774000000000008E-04
2.48936000000000003E-04
1.80103999999999995E-04
2.09814999999999996E-04
1.93503999999999996E-04
2.56546000000000020E-04
2.10735000000000008E-04
1.93813999999999998E-04
2.10974999999999992E-04
2.08895000000000012E-04
2.18075000000000002E-04
1.95023999999999995E-04
1.92554999999999989E-04
2.10014000000000012E-04
1.92234999999999992E-04
2.15674000000000009E-04
1.92794000000000011E-04
2.09764999999999995E-04
2.11453999999999999E-04
1.94424999999999996E-04
2.16875000000000000E-04
1.94033999999999993E-04
2.06135000000000004E-04
1.37682600000000005E-03
5.65462999999999990E-04
2.32100000000000004E-04
1.59413000000000013E-04
1.46174000000000000E-04
1.46152999999999995E-04
1.60323000000000003E-04
1.46393000000000006E-04
1.71124000000000010E-04
1.55672999999999998E-04
1.93374999999999998E-04
2.07793999999999996E-04
2.40795999999999990E-04
2.14555000000000008E-04
1.95383999999999998E-04
2.14205000000000000E-04
1.91014000000000011E-04
2.12604999999999988E-04
1.85553999999999992E-04
1.93475000000000000E-04
2.19714999999999993E-04
1.88433999999999992E-04
1.72563999999999996E-04
