-5.7363945072705675
0.00018946800000000001
0.000147477
0.00012851900000000001
0.00015799600000000001
0.00014788900000000001
0.00013388200000000002
0.00013412
0.00014811700000000002
0.000132602
0.00014043500000000001
0.000138746
0.000159524
0.00014826800000000001
0.00012901700000000002
0.00021981300000000002
0.00014374
0.00015702200000000002
0.00013142200000000002
0.00014448800000000002
0.00013895100000000001
0.00013751
0.00012877800000000002
0.00014379400000000001
0.00013730400000000001
0.00014784500000000002
0.00014083700000000002
0.00015500600000000001
0.000131194
0.00014143200000000001
0.000150641
0.000144184
0.00021474300000000001
0.00015500600000000001
0.00018258900000000001
0.00015931800000000001
0.000132528
0.00013872400000000001
0.00013333900000000001
0.00013242900000000002
0.00015411900000000001
0.00013062000000000002
0.000130545
0.00013290600000000002
0.000130848
0.00013036100000000001
0.000128897
0.00013342700000000001
0.00013858300000000001
0.00010738200000000001
0.00011790100000000001
0.00014513800000000001
0.000139937
0.00014095500000000001
0.00016634900000000002
0.00013115100000000001
0.000151843
0.00010927800000000001
9.7979000000000005e-05
9.7719000000000004e-05
9.7643e-05
0.00015042400000000002
0.00013882100000000002
0.000134423
0.00013493200000000002
0.00013533300000000001
0.00019858700000000001
0.000150977
0.00014143200000000001
0.00021351900000000001
0.000143642
0.000259096
0.000145852
0.000137835
0.00014495300000000002
0.00021062700000000001
0.00047495500000000005
0.000289549
0.000144423
0.00014468200000000001
0.000137489
0.00014417300000000002
0.000137315
0.00020503600000000002
0.000144129
0.00013543
0.00014164900000000001
0.00014210400000000002
0.00014296
0.00015989300000000001
0.00015345800000000001
0.00013263500000000001
0.00013218
0.00013168200000000002
0.000130285
0.00013127000000000001
0.000118053
0.00011397000000000001
0.00014128100000000002
0.000100698
0.000147174
0.00049094800000000006
0.00016077600000000001
0.000180786
0.000137727
0.00014513700000000002
0.000137608
0.000139796
0.00018919800000000001
0.00013848500000000001
0.00013705600000000001
0.00013757600000000001
0.000139157
0.000133275
0.00013969900000000002
0.000188662
0.00013238600000000002
0.00015826800000000001
0.00012822700000000002
0.00015691400000000002
0.00015540700000000001
0.00052963700000000001
0.00016518500000000001
0.00013609200000000001
0.000139178
0.00013166
0.000158636
0.000130209
0.00013108600000000001
0.000173554
0.00013517300000000002
0.000118343
0.000145143
0.00013571300000000001
0.00012335300000000001
0.000123533
0.000135883
0.00012207200000000001
0.000128763
0.00012717300000000001
0.00014629400000000002
0.00013581300000000001
0.00011860200000000001
0.000127033
0.000131633
0.00014386300000000001
0.000120883
0.00013245300000000001
0.00012738300000000001
0.00012606300000000002
0.00011853300000000001
0.00013186300000000002
0.00012584200000000001
0.00013554300000000001
0.000129133
0.00014223300000000002
0.00012074300000000001
0.000129703
0.000138193
0.000132213
0.000197314
0.00014212400000000001
0.00016746300000000002
0.00014617300000000001
0.00012207299999999999
0.00012722300000000001
0.00012280200000000001
0.000121873
0.00014124300000000002
0.00012013300000000001
0.00011990300000000001
0.00012244300000000002
0.000120452
0.00011993300000000001
0.000118683
0.00012265300000000002
0.000127522
9.8913000000000007e-05
0.000108072
0.00013319300000000001
0.000128923
0.00012988300000000002
0.00015270300000000002
0.00012062200000000001
0.00013935300000000002
0.00010061300000000001
9.0302000000000004e-05
9.0062000000000006e-05
9.000200000000001e-05
0.00013809300000000002
0.00012691300000000001
0.00012375300000000002
0.00012427200000000001
0.00012466200000000002
0.00018222100000000002
0.000138503
0.000129703
0.00019605500000000002
0.00013182300000000002
0.00023816500000000001
0.00013385300000000002
0.00012691300000000001
0.00013307300000000002
0.00019340500000000001
0.000437379
0.00026620499999999999
0.000132492
0.00013271300000000001
0.00012666200000000001
0.00013233299999999999
0.00012652299999999999
0.000188655
0.000132223
0.00012478200000000001
0.00013005300000000001
0.00013037300000000001
0.00013115300000000001
0.00014665400000000002
0.00014083300000000001
0.00012219300000000001
0.00012180200000000001
0.00012136300000000001
0.00011992300000000001
0.00012040300000000001
0.000107942
0.00010442300000000001
0.00012966200000000001
9.2762000000000004e-05
0.00013503300000000001
0.00045203300000000001
0.00014738800000000001
0.000165859
0.00012680300000000001
0.00013325300000000001
0.00012674300000000002
0.000128713
0.000160273
0.000127513
0.00012623200000000002
0.000126663
0.00012815300000000002
0.00012270300000000002
0.00012869300000000001
0.00017303900000000002
0.00012194300000000001
0.00014512300000000001
0.00011809300000000001
0.000143893
0.000142523
0.00048781600000000002
0.00015130800000000001
0.00012520200000000001
0.00012765300000000001
0.000121243
0.00014558300000000002
0.00011995300000000001
0.000120773
