-5.73639450727056754E+00
2.83428000000000011E-04
2.34168000000000012E-04
2.47546999999999980E-04
2.45856999999999987E-04
2.51165999999999987E-04
2.43386999999999992E-04
2.60623999999999990E-04
2.38934999999999988E-04
2.73255000000000026E-04
2.16910000000000009E-04
2.22673000000000001E-04
1.63999000000000013E-04
1.78287999999999998E-04
1.91038999999999998E-04
1.58039999999999998E-04
1.60845999999999998E-04
1.78829999999999994E-04
2.04863000000000007E-04
2.09847000000000012E-04
1.61962000000000005E-04
1.76770999999999992E-04
1.62807000000000002E-04
1.60890000000000013E-04
1.60976000000000012E-04
1.61137999999999988E-04
1.93790999999999988E-04
1.91690000000000003E-04
1.80065000000000005E-04
1.60499000000000009E-04
1.57877999999999995E-04
1.60249999999999992E-04
1.60153000000000010E-04
1.60564000000000003E-04
1.81733999999999992E-04
1.62341000000000010E-04
1.60401000000000011E-04
1.60986999999999995E-04
1.60824999999999992E-04
1.80509000000000003E-04
1.77118000000000007E-04
1.58082999999999997E-04
1.83856000000000010E-04
2.00995000000000009E-04
1.99716000000000010E-04
1.62005000000000005E-04
1.78526000000000005E-04
1.79554999999999998E-04
2.04310000000000001E-04
2.14980999999999994E-04
1.73358999999999991E-04
1.60879000000000002E-04
1.58538000000000006E-04
1.60423999999999994E-04
1.78753999999999990E-04
1.61062000000000011E-04
1.57715000000000004E-04
1.60802999999999998E-04
1.78147999999999989E-04
1.74603999999999997E-04
1.67920999999999994E-04
1.88807999999999999E-04
1.87853999999999994E-04
1.80411999999999993E-04
1.61289999999999996E-04
1.60922000000000002E-04
1.69535000000000009E-04
1.62460000000000013E-04
1.69263999999999998E-04
1.62979999999999988E-04
1.60521000000000004E-04
1.77757000000000013E-04
1.75916000000000001E-04
2.01027999999999987E-04
1.62981000000000004E-04
1.58299999999999999E-04
1.73477999999999995E-04
1.62611999999999994E-04
1.57768999999999987E-04
1.62905000000000000E-04
1.57660999999999994E-04
1.67812000000000012E-04
1.65114999999999994E-04
1.61148999999999998E-04
1.81506000000000007E-04
1.61237000000000001E-04
1.92350000000000013E-04
1.88492999999999999E-04
1.62546000000000012E-04
1.60879000000000002E-04
1.76965999999999999E-04
1.61571000000000002E-04
1.58473000000000012E-04
1.60943999999999996E-04
1.60673000000000012E-04
1.60662000000000001E-04
2.26449000000000013E-04
1.58288999999999988E-04
1.58235000000000005E-04
1.58116000000000002E-04
1.58147999999999991E-04
1.58104999999999991E-04
1.58321999999999993E-04
1.58268000000000010E-04
1.58116000000000002E-04
1.58245999999999989E-04
1.58116000000000002E-04
1.58084000000000013E-04
2.04916999999999990E-04
2.56202999999999986E-04
2.39542000000000005E-04
2.08709000000000010E-04
1.98578999999999997E-04
2.17299999999999996E-04
2.06627999999999987E-04
2.11699000000000007E-04
2.03465000000000004E-04
2.44913999999999993E-04
2.03997000000000005E-04
2.05870000000000006E-04
2.20776999999999990E-04
2.02544999999999993E-04
1.96770000000000002E-04
1.86565000000000000E-04
2.04493999999999997E-04
2.25381999999999991E-04
2.08979999999999995E-04
1.95362000000000004E-04
1.63749999999999996E-04
2.58326000000000020E-04
2.14985000000000002E-04
2.27285000000000003E-04
2.25744999999999988E-04
2.30785000000000007E-04
2.23494999999999987E-04
2.39344999999999993E-04
2.19504999999999993E-04
1.69073999999999988E-04
1.98364000000000000E-04
2.04544999999999987E-04
1.51103000000000007E-04
1.63744000000000010E-04
1.75513999999999987E-04
1.45672999999999999E-04
1.48323000000000010E-04
1.64854000000000004E-04
1.88184000000000013E-04
1.92534999999999999E-04
1.49192999999999993E-04
1.62403999999999999E-04
1.50053000000000008E-04
1.48354000000000010E-04
1.48433000000000007E-04
1.48572999999999988E-04
1.78144000000000007E-04
1.76104000000000007E-04
1.65424000000000007E-04
1.47932999999999995E-04
1.45584000000000007E-04
1.47763000000000001E-04
1.47693000000000010E-04
1.48054000000000002E-04
1.66973000000000002E-04
1.49593999999999991E-04
1.47863000000000004E-04
1.48443000000000002E-04
1.48293999999999987E-04
1.65832999999999996E-04
1.62673999999999995E-04
1.45703000000000011E-04
1.69394000000000012E-04
1.85064000000000002E-04
1.83434000000000006E-04
1.49252999999999989E-04
1.63983999999999994E-04
1.65383000000000012E-04
1.88144999999999995E-04
1.97963999999999990E-04
1.59774000000000005E-04
1.48342999999999999E-04
1.46152999999999995E-04
1.47903999999999999E-04
1.64172999999999988E-04
1.48454000000000012E-04
1.45403000000000004E-04
1.48283000000000003E-04
1.63673999999999992E-04
1.60883000000000011E-04
1.54802999999999988E-04
1.73973999999999998E-04
1.73133999999999999E-04
1.66312999999999991E-04
1.48712999999999997E-04
1.48383000000000006E-04
1.56324000000000003E-04
1.49762999999999996E-04
1.56014000000000001E-04
1.50253000000000013E-04
1.48013000000000007E-04
1.63243999999999998E-04
1.61554000000000005E-04
1.64153999999999987E-04
1.50223000000000001E-04
1.45963000000000012E-04
1.59354000000000006E-04
1.49872999999999993E-04
1.45484000000000005E-04
1.50223000000000001E-04
1.45382999999999987E-04
1.54694000000000007E-04
1.52232999999999991E-04
1.48603999999999989E-04
1.66732999999999991E-04
1.48603999999999989E-04
1.76753999999999995E-04
1.73214000000000012E-04
1.49843000000000009E-04
1.48342999999999999E-04
1.62573999999999992E-04
1.48922999999999997E-04
1.46123999999999999E-04
1.48402999999999995E-04
1.48163000000000011E-04
1.48144000000000010E-04
2.07688999999999996E-04
1.45883999999999988E-04
1.45913000000000011E-04
1.45792999999999991E-04
1.45823000000000003E-04
1.45794000000000007E-04
1.45983000000000001E-04
1.45933000000000000E-04
1.45804000000000002E-04
1.45913000000000011E-04
1.45803000000000013E-04
1.45773000000000002E-04
1.88065000000000010E-04
2.35004999999999990E-04
2.19824999999999990E-04
1.91673999999999995E-04
1.82833999999999991E-04
1.99454999999999994E-04
1.89614000000000004E-04
1.94365000000000000E-04
1.87023999999999990E-04
2.25335000000000010E-04
1.87863999999999989E-04
1.89494000000000012E-04
2.02694000000000008E-04
1.85873999999999989E-04
1.80583999999999991E-04
1.71224000000000013E-04
1.87874999999999999E-04
2.06863999999999990E-04
1.92504999999999987E-04
1.79523999999999998E-04
1.50903000000000002E-04
