-5.7363945072705675
0.00014681700000000001
9.9073000000000005e-05
9.9182e-05
0.000136611
9.8835000000000012e-05
0.001268627
0.00018863900000000002
0.000223768
0.000135473
0.000134943
0.00013332900000000001
0.00013200700000000001
0.00013238600000000002
0.00013231000000000001
0.00013246200000000002
0.00013260300000000002
0.00016421600000000001
0.00013533300000000001
0.00013298199999999999
0.00013529000000000001
0.00013629700000000001
0.000133134
0.00013587500000000001
0.00013570100000000001
0.000134065
0.00013617800000000001
0.00013639500000000001
0.000132798
0.000132624
0.000131357
0.000130588
0.00012949400000000002
0.00014930500000000002
0.00013954700000000001
0.000177913
0.00010878000000000001
0.00012886500000000001
0.00012591800000000001
0.00011281000000000001
0.000158744
0.00013689300000000002
0.00013176900000000001
0.00015425900000000002
0.00013192
0.00012567000000000001
0.00013296100000000002
0.00013298199999999999
0.00013285200000000001
0.00013278700000000001
0.00013424899999999999
0.00013483500000000001
0.00013481300000000001
0.00014738000000000002
0.00013868100000000001
0.000168586
0.00014699
0.000123936
0.000141693
0.000127241
0.000135809
0.000152125
0.00015121500000000001
0.00014359900000000001
0.00016638200000000002
0.000178798
0.00020235500000000001
0.00019563300000000002
0.000180953
0.000152211
0.000157541
0.00014049000000000001
0.00015430200000000001
0.000168159
0.00020595700000000002
0.00016134400000000001
0.00014315500000000001
0.00013118400000000001
0.00013870200000000001
0.000131476
0.00013894000000000002
0.00016142000000000001
0.00013914600000000001
0.00013283000000000001
0.00014274400000000001
0.000153339
0.00013130300000000001
0.000824835
0.0012941140000000001
0.0016354800000000001
0.00043505400000000004
0.0058044970000000005
0.00054285400000000006
0.00014049000000000001
0.00015315400000000002
0.00013980700000000001
0.00015783400000000001
0.000133817
0.00013965600000000002
0.00013324300000000001
0.00014139900000000001
0.00013938400000000002
0.00013267800000000001
0.000133275
0.000141822
0.00014745600000000002
0.00013185600000000002
0.00013300400000000002
0.00015161500000000002
0.00013402300000000001
0.00013158500000000001
0.00013293800000000001
0.00015665400000000002
0.00013234300000000002
0.00013211600000000002
0.000132364
0.00013068500000000001
0.00013184500000000001
0.00013641600000000002
0.000140934
0.000140913
0.00014013200000000001
0.00013232200000000001
0.00015787700000000001
0.00013210500000000001
0.00017452900000000001
0.00013224600000000001
0.00015673
0.000132311
0.00013443300000000002
9.1242000000000005e-05
9.1402000000000003e-05
0.00012537200000000001
9.1082000000000006e-05
0.001170012
0.00017321800000000002
0.00012401300000000002
0.00012465300000000001
0.00012423300000000001
0.00012286300000000002
0.00012164200000000001
0.00012199300000000001
0.00012185300000000001
0.00012208300000000002
0.000122092
0.00015065400000000001
0.000124673
0.000122502
0.000124673
0.000125563
0.000122593
0.000125213
0.00012505200000000001
0.00012351300000000001
0.00012550300000000001
0.00012563299999999999
0.000122373
0.00012210200000000002
0.00012100300000000001
0.00012028300000000001
0.00011923200000000001
0.00013694
0.000128033
0.00016351700000000001
0.00010016200000000001
0.00011858300000000001
0.000115302
0.00010354300000000001
0.00014550300000000001
0.00012555300000000001
0.00012126300000000001
0.00014152300000000001
0.00012138300000000001
0.00011528200000000001
0.00012186300000000001
0.00012249299999999999
0.000122423
0.00012238200000000001
0.00012371300000000001
0.00012419300000000001
0.000124203
0.00013521300000000002
0.00012773300000000002
0.00015465800000000001
0.000134893
0.00011413300000000001
0.000130013
0.00011715200000000001
0.000124673
0.00013969300000000001
0.00013874300000000001
0.00013157200000000002
0.000152323
0.00016395400000000001
0.000185539
0.00017971400000000001
0.000165933
0.00013938400000000002
0.00014466300000000001
0.000128813
0.00014157300000000001
0.00015432400000000001
0.00018891400000000001
0.00014800300000000001
0.000131333
0.00012079300000000001
0.000127143
0.00012102300000000001
0.00012737300000000002
0.00014817300000000001
0.00012758300000000001
0.00012235300000000001
0.000130703
0.000140693
0.000120903
0.00076044600000000002
0.001193426
0.0015085840000000001
0.00040056900000000003
0.0053568700000000006
0.00049997600000000007
0.000128913
0.000140533
0.00012815300000000002
0.000144673
0.00012314300000000001
0.00012801300000000001
0.00012271300000000002
0.00012977300000000002
0.00012773300000000002
0.00012213300000000002
0.00012274200000000001
0.000130553
0.000135263
0.00012134300000000001
0.00012239300000000002
0.000139133
0.00012333300000000002
0.000121063
0.000122242
0.000143604
0.00012177200000000001
0.000121532
0.00012175300000000001
0.00012023300000000001
0.000121403
0.00012546200000000001
0.000129713
0.000129713
0.00012901300000000001
0.00012176300000000001
0.00014490300000000002
0.00012164300000000001
0.000160144
0.00012185200000000001
0.00014373400000000002
0.00012190200000000001
