-5.73639450727056754E+00
2.44004000000000004E-04
2.81067000000000025E-04
2.33605000000000011E-04
2.03768999999999993E-04
2.05534999999999990E-04
2.16042999999999991E-04
2.38609999999999994E-04
2.00096000000000003E-04
2.01115000000000001E-04
3.46273000000000023E-04
2.44513000000000022E-04
2.59138999999999973E-04
2.28773000000000013E-04
2.44189000000000016E-04
2.65975000000000000E-04
2.58250000000000016E-04
2.30647000000000003E-04
2.61109999999999999E-04
2.61673999999999989E-04
2.82832000000000005E-04
2.48165000000000007E-04
2.34438999999999996E-04
2.39108000000000002E-04
2.49616999999999992E-04
2.28447999999999992E-04
2.64850999999999975E-04
2.11212000000000010E-04
2.03401000000000000E-04
2.22196999999999987E-04
2.07722999999999990E-04
2.09087999999999988E-04
2.16454000000000012E-04
2.42498999999999997E-04
2.04374999999999994E-04
2.03021000000000007E-04
2.48382000000000008E-04
2.04300000000000006E-04
2.04364000000000010E-04
4.11469999999999989E-04
3.05549999999999973E-04
2.38034999999999994E-04
2.41675999999999995E-04
2.72095999999999992E-04
4.17308999999999985E-04
2.92852999999999983E-04
2.65866999999999981E-04
2.13844000000000008E-04
2.03529999999999998E-04
2.08447999999999994E-04
2.33853000000000012E-04
2.45108999999999974E-04
2.14255999999999990E-04
6.62839000000000028E-04
3.46755999999999985E-04
4.98246000000000040E-04
2.61827899999999983E-03
2.24970000000000009E-04
4.30807000000000011E-04
1.21035999999999995E-03
3.12998699999999987E-03
2.07571000000000009E-04
2.06433999999999996E-04
2.14310000000000000E-04
2.16259999999999993E-04
2.51923999999999996E-04
2.12489999999999993E-04
2.13279999999999991E-04
1.94799000000000003E-04
2.10549999999999995E-04
2.09695000000000004E-04
2.15262999999999989E-04
2.23291000000000001E-04
2.08048000000000011E-04
2.19454999999999992E-04
2.37488999999999989E-04
2.11752999999999990E-04
2.15760999999999996E-04
2.08242999999999991E-04
2.13963000000000011E-04
2.15295000000000005E-04
2.27094000000000005E-04
2.25078999999999991E-04
2.34687999999999986E-04
2.26681999999999996E-04
2.11286999999999998E-04
2.10084000000000003E-04
2.10897000000000010E-04
2.18838000000000008E-04
2.06238000000000000E-04
2.81932999999999999E-04
2.14613999999999989E-04
2.54729999999999995E-04
2.36118000000000005E-04
2.22477999999999993E-04
2.31773999999999994E-04
2.07831000000000010E-04
2.03725000000000005E-04
2.07084000000000012E-04
2.35934000000000008E-04
2.08633000000000006E-04
2.03832999999999998E-04
2.33668999999999988E-04
2.06617999999999993E-04
2.02002999999999997E-04
2.02554999999999988E-04
2.02446999999999995E-04
2.02143000000000006E-04
2.13355999999999995E-04
2.01580999999999993E-04
2.01320000000000004E-04
2.08729999999999989E-04
2.02327999999999991E-04
2.25858999999999994E-04
2.08762999999999993E-04
2.03617000000000012E-04
2.02458000000000005E-04
6.69914999999999985E-04
5.08115999999999971E-04
2.98075000000000022E-04
3.74147999999999983E-04
2.59886999999999987E-04
3.01952999999999987E-04
2.18783999999999998E-04
2.10031000000000009E-04
2.19390999999999987E-04
2.06965000000000008E-04
2.27655999999999990E-04
2.55331000000000026E-04
2.21305000000000010E-04
2.58285999999999987E-04
2.14505000000000007E-04
1.87514000000000007E-04
1.89194000000000005E-04
1.98504999999999998E-04
2.18974999999999996E-04
1.84133999999999996E-04
1.85254000000000012E-04
2.32055000000000000E-04
2.23665000000000007E-04
2.37955000000000008E-04
2.09884999999999987E-04
2.24185000000000009E-04
2.44224999999999987E-04
2.37185999999999989E-04
2.11633999999999987E-04
2.39955000000000002E-04
2.21055000000000004E-04
2.59015999999999988E-04
2.27974999999999998E-04
2.15154999999999996E-04
2.19485000000000003E-04
2.29165000000000006E-04
2.09643999999999987E-04
2.43128000000000007E-04
1.94453999999999992E-04
1.87314000000000003E-04
2.04095000000000003E-04
1.91224000000000011E-04
1.92064999999999998E-04
1.98693999999999992E-04
2.22074999999999991E-04
1.88154999999999990E-04
1.86824000000000012E-04
2.28425000000000009E-04
1.88184000000000013E-04
1.88013999999999993E-04
3.78648999999999999E-04
2.80885999999999994E-04
2.18755000000000002E-04
2.21914999999999992E-04
2.49946000000000022E-04
3.83979000000000004E-04
2.69126000000000011E-04
2.44244999999999976E-04
1.96355000000000000E-04
1.87464000000000006E-04
1.91363999999999993E-04
2.14684999999999995E-04
2.25064999999999987E-04
1.96724999999999998E-04
6.10451000000000027E-04
3.18802999999999990E-04
4.58499999999999977E-04
2.41549399999999980E-03
2.07225000000000009E-04
3.96327999999999991E-04
1.11508500000000003E-03
2.88762900000000006E-03
1.91093999999999997E-04
1.90034999999999992E-04
1.96824000000000012E-04
1.98614999999999995E-04
2.31344999999999988E-04
1.95064000000000001E-04
1.95285000000000012E-04
1.79473999999999996E-04
1.93403999999999993E-04
1.92513999999999994E-04
1.97624000000000004E-04
2.05204999999999998E-04
1.91103999999999992E-04
2.01644999999999998E-04
2.17839999999999988E-04
1.95094000000000013E-04
1.98865000000000001E-04
1.91964000000000007E-04
1.97264000000000001E-04
1.98464999999999991E-04
2.08685000000000012E-04
2.06753999999999993E-04
2.15605000000000007E-04
2.08325000000000009E-04
1.94703999999999998E-04
1.93584999999999997E-04
1.94443999999999997E-04
2.01055000000000005E-04
1.90024000000000009E-04
2.59355999999999975E-04
1.97104000000000002E-04
2.33935000000000002E-04
2.16855000000000010E-04
2.04405000000000006E-04
2.12914999999999990E-04
1.90673999999999998E-04
1.87264000000000001E-04
1.90044999999999987E-04
2.16865000000000005E-04
1.91484000000000012E-04
1.87514000000000007E-04
2.14545000000000013E-04
1.90113999999999989E-04
1.86125000000000011E-04
1.86693999999999998E-04
1.86663999999999987E-04
1.86383999999999996E-04
1.96705000000000008E-04
1.85863999999999994E-04
1.85624000000000010E-04
1.91864000000000005E-04
1.86503999999999988E-04
2.07524999999999989E-04
1.91883999999999994E-04
1.87665000000000000E-04
1.86663999999999987E-04
6.17072999999999992E-04
4.67661000000000021E-04
2.73846000000000007E-04
3.42317000000000023E-04
2.38485999999999993E-04
2.76375999999999998E-04
2.00614999999999989E-04
1.93544999999999991E-04
2.01504000000000001E-04
1.90704000000000009E-04
2.09075000000000000E-04
2.34329999999999988E-04
