-5.7363945072705675
0.00018956600000000001
0.00013021900000000002
0.000129006
0.00015531
0.000145115
0.000169469
0.000160879
0.00013803
0.00013237500000000001
0.000130512
0.00012974300000000001
0.00013189900000000002
0.000154313
0.00021880600000000002
0.00013794400000000001
0.00013332900000000001
0.00013353400000000001
0.00013198600000000001
0.00013231000000000001
0.000131736
0.00013649200000000002
0.0001271
0.00012842100000000001
0.00013188800000000001
0.00013269000000000001
0.000132624
0.00013259200000000001
0.000132581
0.00015183200000000002
0.0001284
0.00013426100000000002
0.00013743500000000001
0.00013088100000000001
0.00013101000000000001
0.00013162800000000001
0.00016330500000000001
0.00013665500000000001
0.00013685000000000002
0.00013066400000000001
0.00012893100000000002
0.00013264700000000001
0.000138236
0.00013842100000000001
0.000163544
0.000137694
0.00014449800000000001
0.000137694
0.00013254800000000002
0.00014023
0.00014531100000000002
0.010862815000000001
0.00022506700000000002
0.00013172500000000002
0.00018156000000000002
0.000158343
0.000131552
0.000156761
0.00013408700000000002
0.00013156300000000001
0.00013137900000000002
0.00013141100000000001
0.00013170400000000001
0.00015980600000000002
0.00014547300000000002
0.00016293700000000002
0.000139309
0.00013192
0.00014587400000000002
0.000156675
0.00013159600000000002
0.000188667
0.000146914
0.00013165
0.00014365300000000002
0.00029130400000000004
0.00014987100000000002
0.00013021900000000002
0.00013086900000000001
0.000131075
0.000131271
0.00023011600000000002
0.000208655
0.00013773800000000002
0.00014986100000000002
0.000150457
0.00017863500000000001
0.000137933
0.00013744500000000001
0.00013010000000000002
0.000159135
0.00013747800000000001
0.00013062000000000002
0.00023093900000000002
0.010644322000000001
0.000132354
0.00017835300000000002
0.00013885300000000001
0.00018307600000000001
0.00013933000000000001
0.00017434400000000002
0.00018005400000000002
0.00029533400000000002
0.00052096200000000003
0.00016895200000000002
0.00013372900000000002
0.000159362
0.00013279700000000001
0.000156241
0.00015273200000000001
0.00016606800000000001
0.00013175800000000002
0.000130717
0.00014405400000000001
0.00020597900000000001
0.00020629300000000003
0.00027165199999999999
0.00024118800000000001
0.000138973
0.000132213
0.000130631
0.00024698400000000001
0.00029070800000000004
0.00022693100000000001
0.00024786099999999999
0.000152645
0.000204441
0.00020068100000000003
0.000138388
0.00017347400000000001
0.000119803
0.000118672
0.00014235300000000001
0.00013320300000000001
0.000155353
0.00014767400000000001
0.00012654300000000001
0.00012186200000000001
0.00012008300000000001
0.00011950300000000001
0.00012152300000000001
0.00014152300000000001
0.00012134300000000001
0.00012697300000000001
0.000122853
0.00012304300000000001
0.000121583
0.00012193200000000001
0.00012141300000000001
0.000125203
0.000117003
0.000118152
0.000121533
0.00012228299999999999
0.000122173
0.00012216200000000001
0.00012218300000000002
0.00013916300000000001
0.00011830300000000001
0.00012320300000000001
0.00012602300000000001
0.00012049200000000001
0.000120593
0.00012113300000000001
0.00014989300000000001
0.00012529300000000001
0.00012543300000000002
0.00012019300000000001
0.000118702
0.00012210300000000001
0.00012722300000000001
0.000127303
0.00015000300000000001
0.00012623300000000001
0.00013249300000000002
0.000126203
0.00012208300000000002
0.00012864300000000001
0.000133323
0.010026196000000001
0.00020658500000000002
0.00012115300000000001
0.00016653300000000001
0.000145103
0.00012104300000000001
0.00014361300000000001
0.000123373
0.000121112
0.00012092300000000001
0.000120933
0.00012120300000000001
0.00014649300000000001
0.000133583
0.000149393
0.000127692
0.00012141300000000001
0.000132943
0.00014359300000000002
0.00012113300000000001
0.00017337400000000001
0.000134733
0.00012117200000000001
0.000131722
0.00026787600000000001
0.00013707300000000001
0.00011976200000000001
0.00012042300000000001
0.00012065300000000001
0.00012083300000000001
0.00021041500000000001
0.00019154400000000001
0.00012629300000000001
0.00013743300000000001
0.000138143
0.00016396300000000002
0.000126413
0.00012596300000000001
0.00011964300000000001
0.00014590300000000002
0.00012601300000000001
0.00012013300000000001
0.00021216500000000003
0.009791399000000001
0.00012168300000000001
0.000145873
0.00012716300000000002
0.00016799300000000002
0.00012791300000000001
0.00015991400000000001
0.00016524400000000002
0.00027159600000000003
0.00047980900000000004
0.000154795
0.00012303300000000001
0.00014605300000000002
0.000122163
0.000143213
0.000139894
0.00015192300000000002
0.00012134300000000001
0.000120433
0.00013218300000000002
0.00018911400000000002
0.000189414
0.00024970600000000004
0.000221635
0.00012744300000000001
0.00012173300000000001
0.00012031200000000001
0.00022710500000000002
0.00026730600000000003
0.00020843400000000002
0.000227915
0.000140154
0.00018772400000000001
0.000184224
0.00012685300000000001
