-5.73639450727056754E+00
2.35500000000000005E-04
2.07636999999999991E-04
2.00616000000000005E-04
2.05686999999999998E-04
2.10983000000000009E-04
2.09218000000000002E-04
2.16130000000000006E-04
2.06693000000000008E-04
2.38001999999999989E-04
2.07084000000000012E-04
2.80653999999999973E-04
2.05956999999999993E-04
2.32076999999999994E-04
2.31881999999999987E-04
2.01472000000000012E-04
2.03334999999999990E-04
2.04212000000000002E-04
2.02716999999999991E-04
2.24038999999999987E-04
2.03346000000000001E-04
2.04202000000000008E-04
2.32174000000000003E-04
2.02479999999999999E-04
2.39757000000000002E-04
2.27352999999999990E-04
2.88996000000000023E-04
2.47625000000000015E-04
2.36800000000000010E-04
2.88452000000000023E-04
2.12868999999999998E-04
2.92739999999999992E-04
2.04061000000000010E-04
2.17473000000000010E-04
2.25868999999999988E-04
2.17548999999999987E-04
3.37103000000000001E-04
2.52264999999999998E-04
2.12663000000000007E-04
2.09824999999999991E-04
2.09965999999999988E-04
2.08590000000000007E-04
2.55975999999999990E-04
2.92452000000000011E-04
2.20884699999999989E-03
2.40537999999999993E-04
2.41167000000000004E-04
7.20791000000000032E-04
1.44975899999999990E-03
2.09575000000000012E-04
7.59996999999999995E-04
4.56371999999999973E-04
3.99985000000000000E-04
2.09575000000000012E-04
2.53049999999999998E-04
2.11439000000000006E-04
2.82230999999999975E-04
3.13848999999999996E-04
4.00841999999999995E-04
1.70444000000000010E-04
5.28158000000000035E-04
3.66618999999999994E-04
2.31718999999999995E-04
2.10669999999999987E-04
2.09456999999999997E-04
2.24309999999999999E-04
2.09315000000000011E-04
2.08308000000000012E-04
2.08005000000000012E-04
2.04441000000000003E-04
2.37418000000000009E-04
2.08101999999999994E-04
1.72838999999999990E-04
1.68493999999999990E-04
2.05772999999999996E-04
2.14796999999999997E-04
2.00778999999999997E-04
1.99185999999999987E-04
1.88936999999999997E-04
2.21124000000000006E-04
2.34760000000000009E-04
3.24433000000000002E-04
3.60912999999999978E-04
2.51285000000000017E-04
2.12749999999999994E-04
2.63185999999999997E-04
2.03097000000000011E-04
2.01785999999999996E-04
2.08817000000000003E-04
2.68163999999999989E-04
2.01277000000000004E-04
1.96044999999999997E-04
2.43138000000000002E-04
2.59875999999999976E-04
2.13529999999999997E-04
2.18263999999999996E-04
2.48067999999999997E-04
2.06552999999999999E-04
2.38382000000000009E-04
4.14936999999999988E-04
4.13485000000000003E-04
4.87550000000000006E-04
5.75706999999999955E-04
2.91953999999999977E-04
2.10778000000000007E-04
2.35011999999999992E-04
3.62520999999999980E-04
4.44634000000000012E-04
3.79618999999999985E-04
3.09081000000000004E-04
2.08698000000000000E-04
2.08091000000000011E-04
2.08817000000000003E-04
2.08709000000000010E-04
1.94441000000000004E-04
2.13486000000000009E-04
2.79972000000000022E-04
2.18989999999999989E-04
1.94310999999999990E-04
1.95448000000000003E-04
2.01222000000000006E-04
1.98318999999999996E-04
2.63711000000000024E-04
2.15512999999999995E-04
2.11580000000000004E-04
2.11654999999999992E-04
2.10788999999999990E-04
2.42694000000000004E-04
2.08893000000000007E-04
2.14624999999999999E-04
1.90583999999999990E-04
1.84663999999999992E-04
1.89514000000000002E-04
1.94235000000000013E-04
1.92634000000000013E-04
1.99055000000000011E-04
1.89793999999999992E-04
2.18485000000000006E-04
1.90113999999999989E-04
1.85663999999999990E-04
1.89194000000000005E-04
2.13054999999999999E-04
2.12854999999999994E-04
1.85353999999999988E-04
1.87104000000000003E-04
1.88084999999999999E-04
1.86674000000000009E-04
2.05653999999999993E-04
1.87173999999999994E-04
1.88113999999999995E-04
2.13365000000000001E-04
1.86404000000000013E-04
2.20284999999999996E-04
2.08924999999999996E-04
2.65376000000000002E-04
2.27166999999999989E-04
2.17645000000000008E-04
2.64764000000000015E-04
1.95333999999999997E-04
2.68972000000000026E-04
1.87393999999999988E-04
1.99824000000000003E-04
2.07524999999999989E-04
1.99735000000000011E-04
3.09981000000000026E-04
2.31570999999999996E-04
1.95694000000000000E-04
1.93403999999999993E-04
1.93553999999999997E-04
1.92274000000000009E-04
2.35264999999999991E-04
2.68796000000000020E-04
2.03748499999999990E-03
2.20845000000000004E-04
2.21444999999999991E-04
6.63815000000000000E-04
1.33680999999999991E-03
1.93124000000000003E-04
7.00185999999999994E-04
4.19736999999999996E-04
3.67856000000000010E-04
1.93054000000000012E-04
2.32606000000000002E-04
1.94804000000000000E-04
2.59300999999999976E-04
2.88335999999999985E-04
3.68738999999999981E-04
1.56333000000000009E-04
4.86060999999999980E-04
3.36987999999999979E-04
2.12864999999999989E-04
1.94133999999999995E-04
1.93104000000000013E-04
2.06154999999999994E-04
1.92904000000000008E-04
1.92034999999999987E-04
1.91744000000000013E-04
1.88283999999999988E-04
2.18055000000000012E-04
1.91714999999999990E-04
1.59352999999999990E-04
1.55324000000000006E-04
1.88974000000000010E-04
1.97244000000000011E-04
1.84384000000000002E-04
1.82844000000000013E-04
1.73474000000000013E-04
2.03064000000000006E-04
2.15381999999999992E-04
2.98286999999999999E-04
3.31870000000000006E-04
2.30504999999999989E-04
1.95255000000000000E-04
2.41560000000000011E-04
1.86414000000000008E-04
1.85784999999999997E-04
1.91854000000000010E-04
2.46595000000000006E-04
1.84854000000000002E-04
1.80043999999999999E-04
2.23505000000000009E-04
2.38475000000000010E-04
1.96004999999999991E-04
2.00413999999999996E-04
2.27734999999999987E-04
1.89604999999999998E-04
2.18955000000000007E-04
3.81687999999999982E-04
3.80289000000000018E-04
4.48665000000000001E-04
5.22941999999999982E-04
2.67846000000000024E-04
1.94233999999999997E-04
2.15794999999999990E-04
3.33245000000000026E-04
4.09211999999999998E-04
3.48968000000000010E-04
2.83825999999999989E-04
1.92344999999999989E-04
1.91843999999999988E-04
1.92513999999999994E-04
1.92413999999999991E-04
1.79204000000000001E-04
1.96185000000000006E-04
2.57106000000000001E-04
2.01203999999999993E-04
1.78784000000000001E-04
1.79943999999999997E-04
1.84784000000000012E-04
1.82114000000000012E-04
2.41985000000000008E-04
1.97984999999999996E-04
1.95014000000000000E-04
1.95104999999999996E-04
1.94324000000000005E-04
2.23004999999999997E-04
1.92503999999999999E-04
