-5.7363945072705675
0.00021958600000000002
0.00017688
0.00015875600000000002
0.00010231200000000001
0.00019474500000000002
0.00021500600000000001
0.00011848700000000001
0.00013705600000000001
0.000135365
0.00012382800000000001
0.00026228100000000001
0.00014028400000000001
0.00013820400000000001
0.00013865900000000002
0.00013083700000000002
0.00012480300000000002
0.00012528000000000002
0.00012408800000000001
0.00011746900000000001
9.7708000000000007e-05
0.00013400100000000002
9.9484000000000012e-05
0.00010359
9.7556000000000013e-05
0.000144022
9.9950000000000004e-05
0.00010515000000000001
0.000100828
9.7871000000000012e-05
9.9257000000000002e-05
0.00015520200000000001
0.000105389
0.00012069700000000001
0.00012831300000000002
9.7816e-05
9.7469000000000012e-05
9.747e-05
0.00010237700000000001
0.000109419
0.000136005
0.00014420600000000002
0.00010791300000000001
0.000123578
0.00019336900000000001
0.00011618
0.000116428
0.00011909400000000001
0.000157997
0.00013179000000000001
0.00012631900000000001
0.00010270300000000001
9.7848000000000002e-05
0.00013066300000000002
0.00012573400000000001
0.000119895
0.00013094500000000001
0.000116656
0.000105216
0.00013667700000000001
0.000131032
0.00013837700000000002
0.00013559300000000001
0.000141757
0.00017672800000000002
0.000140674
0.000132657
0.000189674
0.00013312300000000002
0.00015782400000000001
0.000118801
0.00012273300000000001
0.00013747800000000001
0.00020945600000000001
0.00012693700000000001
0.00011931000000000001
0.000136806
0.000124738
0.00018266500000000001
0.00013241900000000002
0.00013272300000000001
0.00013248400000000001
0.000139178
0.000131509
0.000138398
0.00013189900000000002
0.00013115200000000002
0.00013126000000000001
0.00013049000000000001
0.000149677
0.00013093500000000002
0.00017088800000000001
0.000126005
0.00012155300000000001
0.00011207400000000001
0.00013243
0.00033814800000000003
0.00021449400000000002
0.000130631
0.00013059900000000001
0.00014936300000000001
0.00013186600000000001
0.00013156300000000001
0.000134542
0.00013644900000000002
0.00014140000000000002
0.00015866900000000001
0.00013634000000000001
0.00013646
0.00013312300000000002
0.00013340500000000001
0.00012739200000000002
0.00012939600000000002
0.00013230000000000002
0.00013180100000000002
0.00013208300000000002
0.000131877
0.00013219100000000001
0.00013210500000000001
0.000132235
0.000131509
0.00013976400000000001
0.000115302
0.00013462900000000001
0.000103342
0.00012979700000000002
0.00011330800000000001
0.00012421700000000001
0.00012056700000000001
0.00020101400000000001
0.000162244
0.00014564300000000001
9.4192000000000009e-05
0.00017882400000000001
0.00019629700000000001
0.000108622
0.00012561300000000001
0.00012459300000000002
0.000114023
0.00016536400000000001
0.00012900300000000001
0.000127353
0.000127773
0.00012050300000000001
0.00011491200000000001
0.00011536300000000001
0.000114333
0.00010775200000000001
9.0022e-05
0.00012296299999999999
9.1602000000000008e-05
9.547200000000001e-05
8.9912000000000002e-05
0.00013208300000000002
9.2082000000000004e-05
9.6892000000000007e-05
9.291300000000001e-05
9.0202000000000001e-05
9.1432000000000001e-05
0.00014235300000000001
9.7092000000000012e-05
0.000110753
0.00011775200000000001
9.0132000000000011e-05
8.9832000000000003e-05
8.9822000000000008e-05
9.435300000000001e-05
0.000100822
0.000124673
0.00013218300000000002
9.9382000000000005e-05
0.000113313
0.000177634
0.000106922
0.000107112
0.000109653
0.00014506300000000002
0.00012129300000000001
0.00011616300000000001
9.4642000000000006e-05
9.0182000000000012e-05
0.00011994300000000001
0.000115382
0.00010987300000000001
0.00012038200000000001
0.000107422
9.6962000000000011e-05
0.00012523300000000001
0.000120383
0.000127503
0.000124812
0.00013003300000000002
0.00016205400000000002
0.000129073
0.00012219300000000001
0.000174074
0.00012265300000000002
0.00014459300000000002
0.00010934200000000001
0.00011296300000000001
0.00012601300000000001
0.000192504
0.000116823
0.00010987200000000001
0.00012544300000000001
0.00011481300000000001
0.00016755400000000002
0.00012194200000000001
0.00012228299999999999
0.000122033
0.00012764300000000001
0.00012096300000000001
0.00012687200000000001
0.00012126200000000001
0.00012073300000000001
0.00012078300000000001
0.000120062
0.00013731300000000002
0.00012047200000000001
0.00015670400000000002
0.000116013
0.00011112200000000001
0.00010327300000000001
0.00012148200000000001
0.00031105800000000002
0.000196944
0.000120223
0.00012027300000000001
0.000137303
0.000121433
0.000121242
0.000123893
0.00012566300000000001
0.000129593
0.00014547300000000002
0.000125473
0.00012566300000000001
0.000122583
0.00012289200000000002
0.000117373
0.000119233
0.00012189300000000001
0.00012147200000000001
0.00012168300000000001
0.00012147300000000001
0.000121743
0.00012172200000000001
0.00012186300000000001
0.000121033
0.00012825300000000002
0.00010620200000000001
0.00012330300000000001
9.5212000000000009e-05
0.000118993
0.000104312
0.00011437300000000001
0.00011104200000000001
