-5.7363945072705675
0.00014622100000000001
0.000101413
0.00012007900000000001
0.000106743
0.00013052300000000001
0.000103287
0.00014808400000000001
0.000135301
0.000125745
0.00014258000000000001
0.00012466200000000002
9.7893000000000006e-05
9.7860000000000002e-05
0.000101803
9.8032000000000013e-05
9.7838000000000008e-05
0.00010125000000000001
0.00010365500000000001
0.00020432100000000001
0.000100513
0.00011790200000000001
9.8163000000000002e-05
9.7946e-05
0.00021295000000000003
0.00015404200000000001
0.00013189900000000002
0.00016569500000000002
0.00013000300000000001
0.00012901700000000002
0.00012924400000000001
0.00012472700000000001
0.00013133600000000002
0.00011658000000000001
9.8239000000000006e-05
9.7719000000000004e-05
9.7632000000000003e-05
9.7296000000000012e-05
9.7177000000000008e-05
0.00016275300000000002
0.000146167
0.00014559300000000001
0.00017323100000000001
0.00020199000000000001
0.000138453
0.00013824700000000001
0.000138875
0.00013846400000000001
0.00013859400000000002
0.00013891900000000002
0.00013898400000000001
0.00014676200000000002
0.00014749900000000002
0.00015829
0.00013581000000000002
0.00013631900000000001
0.000137045
0.00015553800000000001
0.00013521400000000001
0.000139157
0.00016319700000000002
0.00013795500000000002
0.000140154
0.00013985000000000001
0.00013913600000000002
0.000139266
0.000148388
0.000139016
0.00017175600000000001
0.000138627
0.00013859400000000002
0.00013787900000000001
0.00016327300000000002
0.00013846400000000001
0.00013721800000000001
0.00015827900000000002
0.000136969
0.000163685
0.000135463
0.000112799
0.00011114100000000001
0.00012417400000000001
0.00011518200000000001
0.000132798
0.00017565500000000001
0.000132755
0.000135506
0.00013351300000000001
0.00013379400000000001
0.000134704
0.000133523
0.00016453
0.00013264700000000001
0.00015253700000000001
0.000154845
0.00013825800000000002
9.7827000000000011e-05
0.00010156500000000001
9.7686e-05
9.787000000000001e-05
9.814200000000001e-05
9.8174000000000012e-05
9.7913000000000009e-05
9.7535000000000007e-05
9.7751000000000007e-05
9.7925000000000009e-05
9.7838000000000008e-05
9.7795000000000008e-05
0.00010034
9.7557000000000001e-05
0.000117706
9.8184000000000007e-05
9.7578000000000007e-05
9.8033000000000001e-05
9.7654000000000011e-05
9.7621000000000006e-05
9.7622000000000008e-05
9.8152000000000005e-05
9.8033000000000001e-05
9.8152000000000005e-05
0.00010198700000000001
9.8467000000000004e-05
9.7599000000000012e-05
0.00010010200000000001
9.7730000000000001e-05
9.769700000000001e-05
9.7502000000000003e-05
9.7687000000000002e-05
9.7762000000000004e-05
0.00013413300000000001
9.3451999999999999e-05
0.000110123
9.835200000000001e-05
0.00011982300000000001
9.5142000000000005e-05
0.00013592300000000001
0.00012402300000000002
0.00011575200000000001
0.00013077300000000002
0.000114733
9.0222000000000005e-05
9.0202000000000001e-05
9.3822000000000011e-05
9.0352000000000005e-05
9.0182000000000012e-05
9.3302000000000009e-05
9.550300000000001e-05
0.000117812
9.2492000000000008e-05
0.00010811200000000001
9.0452000000000007e-05
9.0262000000000011e-05
0.00019555000000000001
0.00014124300000000002
0.00012151300000000001
0.00015186900000000001
0.00011974200000000001
0.00011885300000000001
0.000119103
0.00011444200000000001
0.00012045300000000001
0.000106952
9.0522000000000012e-05
9.0072000000000001e-05
8.9972000000000012e-05
8.9682e-05
8.9551999999999999e-05
0.00014951300000000002
0.000134203
0.000133163
0.00015873600000000001
0.00018541200000000001
0.00012741299999999999
0.00012712300000000001
0.000127892
0.000127362
0.00012765300000000001
0.00012786300000000001
0.000127973
0.00013477300000000001
0.000134633
0.00014528300000000001
0.00012512300000000001
0.00012561300000000001
0.00012625200000000001
0.00014258400000000002
0.00012456300000000001
0.00012822200000000002
0.00014977400000000001
0.00012710300000000002
0.000129133
0.00012888300000000002
0.00012822200000000002
0.000128343
0.00013670300000000001
0.00012811300000000001
0.00015767400000000001
0.000127713
0.000127723
0.00012707300000000001
0.00014988300000000001
0.00012757300000000002
0.000126453
0.00014526300000000002
0.00012618300000000001
0.00015000300000000001
0.00012422300000000002
0.00010388300000000001
0.00010178200000000001
0.00011393300000000001
0.00010568200000000001
0.00012234300000000002
0.00016136300000000001
0.000122232
0.000124843
0.000123013
0.00012330300000000001
0.00012411200000000001
0.000123013
0.000151044
0.000122142
0.000140044
0.00014245300000000001
0.000126933
9.0142000000000005e-05
9.3602000000000003e-05
9.0022e-05
9.0202000000000001e-05
9.0452000000000007e-05
9.0482000000000005e-05
9.0242000000000008e-05
8.9891999999999999e-05
9.0101999999999999e-05
9.0262000000000011e-05
9.0172000000000003e-05
9.0122000000000002e-05
9.2482e-05
8.9912000000000002e-05
0.00010794300000000001
9.0472000000000011e-05
8.9922000000000011e-05
9.0362e-05
9.000200000000001e-05
8.9962000000000004e-05
8.9972000000000012e-05
9.0462000000000002e-05
9.0352000000000005e-05
9.0472000000000011e-05
9.3972000000000001e-05
9.0732000000000012e-05
8.9952000000000009e-05
9.2242000000000002e-05
9.0083000000000011e-05
9.0042000000000003e-05
8.987200000000001e-05
9.0042000000000003e-05
9.0092000000000004e-05
