-5.73639450727056754E+00
3.00674999999999977E-04
2.41610000000000013E-04
1.87691000000000003E-04
1.58788000000000012E-04
2.56051999999999994E-04
2.08330000000000006E-04
2.18306999999999995E-04
4.02131999999999978E-04
3.56760000000000020E-04
2.15013999999999998E-04
2.12911999999999997E-04
2.14992000000000004E-04
2.67243000000000016E-04
2.10062999999999998E-04
2.11883000000000004E-04
2.35944999999999992E-04
2.50017000000000002E-04
2.82908000000000009E-04
2.19065999999999993E-04
5.35937000000000002E-04
2.73926999999999981E-04
2.19953999999999988E-04
2.92170000000000016E-04
3.25873999999999977E-04
2.79538000000000020E-04
2.27168999999999993E-04
2.18805000000000003E-04
2.13443000000000009E-04
2.18220000000000008E-04
2.66354000000000005E-04
2.11158000000000000E-04
2.21687000000000007E-04
2.03496999999999993E-04
2.77686000000000024E-04
2.04343000000000005E-04
2.13486000000000009E-04
3.51341000000000023E-04
1.58538999999999994E-04
1.90952999999999999E-04
1.90757999999999992E-04
2.08709000000000010E-04
2.12186000000000004E-04
2.13248000000000002E-04
2.13465000000000003E-04
2.02219000000000010E-04
2.31134000000000000E-04
1.85882999999999995E-04
1.60890000000000013E-04
2.22401999999999989E-04
1.85231999999999991E-04
1.82405000000000013E-04
2.17116000000000000E-04
1.95989999999999999E-04
1.93226999999999998E-04
2.74794000000000026E-04
1.66295999999999995E-04
2.63494999999999984E-04
2.49030999999999981E-04
2.41231000000000008E-04
2.54057999999999986E-04
2.80308000000000000E-04
5.44852999999999982E-04
2.00074000000000009E-04
2.06163000000000011E-04
2.02186999999999994E-04
1.68819000000000011E-04
2.01981000000000003E-04
2.01222999999999994E-04
1.89241000000000013E-04
1.78438999999999990E-04
2.34779000000000010E-04
2.33247000000000012E-04
2.21427999999999995E-04
2.21394999999999990E-04
2.26681999999999996E-04
2.20182000000000000E-04
2.20690999999999992E-04
2.63884999999999998E-04
2.08285999999999991E-04
2.08265000000000013E-04
2.08709000000000010E-04
2.06032999999999997E-04
1.97485000000000011E-04
1.78352999999999991E-04
1.78633999999999998E-04
1.91721000000000003E-04
2.38630999999999999E-04
1.86219000000000000E-04
1.71549999999999996E-04
1.94777000000000009E-04
2.08807000000000008E-04
2.12370999999999990E-04
1.96521000000000011E-04
1.58526999999999995E-04
1.91969999999999993E-04
2.07886000000000008E-04
2.02880999999999998E-04
2.23686000000000013E-04
2.06075999999999997E-04
2.05708000000000003E-04
2.35479000000000000E-04
2.34698999999999997E-04
1.85514000000000013E-04
1.71311000000000000E-04
1.89327000000000012E-04
1.61084000000000005E-04
1.93596000000000008E-04
2.19585000000000006E-04
2.05925000000000005E-04
2.24438999999999997E-04
2.66776999999999997E-04
2.09640999999999994E-04
2.01678000000000003E-04
2.03086000000000000E-04
1.98710000000000000E-04
2.03670999999999995E-04
2.01071000000000013E-04
2.24904999999999989E-04
1.99879000000000002E-04
2.19845999999999995E-04
2.04949999999999994E-04
2.00962000000000005E-04
1.92859999999999993E-04
1.62081000000000009E-04
1.62535999999999990E-04
2.08893000000000007E-04
2.10983000000000009E-04
2.17743999999999994E-04
2.74095999999999986E-04
2.21785000000000005E-04
1.72423999999999988E-04
1.46362999999999994E-04
2.35495000000000008E-04
1.91303999999999997E-04
2.00434000000000013E-04
3.70019000000000023E-04
2.46875000000000024E-04
1.97275000000000011E-04
1.95713999999999990E-04
1.97423999999999999E-04
2.45464999999999995E-04
1.93573999999999987E-04
1.95195000000000004E-04
2.16805000000000009E-04
2.29745000000000003E-04
2.60016000000000012E-04
2.01284000000000006E-04
4.93681000000000046E-04
2.51785999999999991E-04
2.02184999999999990E-04
2.68396000000000010E-04
2.99686999999999979E-04
2.56965000000000004E-04
2.08784999999999987E-04
2.01124999999999996E-04
1.96713999999999987E-04
2.00635000000000006E-04
2.44834999999999996E-04
1.94045000000000003E-04
2.03704000000000000E-04
1.86894000000000003E-04
2.55255999999999983E-04
1.87793999999999998E-04
1.95605000000000008E-04
3.23164999999999987E-04
1.46123000000000010E-04
1.75513999999999987E-04
1.75143999999999989E-04
1.91685000000000005E-04
1.95564000000000013E-04
1.96533999999999999E-04
1.96765000000000004E-04
1.85684000000000006E-04
2.12224999999999995E-04
1.70664000000000004E-04
1.48302999999999993E-04
2.04314999999999998E-04
1.70533999999999990E-04
1.67972999999999999E-04
1.99475000000000010E-04
1.80444000000000009E-04
1.78023999999999988E-04
2.36664999999999998E-04
1.53282999999999989E-04
2.41916000000000006E-04
2.28654999999999999E-04
2.21475000000000003E-04
2.33295000000000008E-04
2.57465999999999977E-04
5.01580999999999967E-04
1.84395000000000012E-04
1.89234000000000011E-04
1.86223999999999998E-04
1.55653999999999997E-04
1.85713999999999991E-04
1.84863999999999997E-04
1.73744000000000009E-04
1.64303999999999991E-04
2.15469000000000007E-04
2.14804999999999987E-04
2.03995000000000001E-04
2.03944000000000011E-04
2.08364999999999988E-04
2.02654000000000001E-04
2.03255000000000005E-04
2.42186000000000002E-04
1.91954000000000012E-04
1.91995000000000007E-04
1.92394000000000001E-04
1.89903999999999990E-04
1.81484000000000013E-04
1.63844000000000012E-04
1.64014000000000005E-04
1.76083999999999990E-04
2.19325000000000005E-04
1.71012999999999997E-04
1.58113000000000009E-04
1.79034000000000007E-04
1.91893999999999989E-04
1.95145000000000003E-04
1.80053999999999994E-04
1.46123000000000010E-04
1.76383999999999997E-04
1.90905000000000003E-04
1.86753999999999994E-04
2.05099000000000009E-04
1.89643999999999989E-04
1.89454999999999995E-04
2.16925000000000001E-04
2.16214000000000000E-04
1.70924000000000005E-04
1.57834000000000007E-04
1.73914000000000002E-04
1.48462999999999991E-04
1.78314000000000001E-04
2.01664999999999988E-04
1.88984000000000005E-04
2.06114999999999987E-04
2.45144999999999998E-04
1.92234999999999992E-04
1.84634000000000008E-04
1.86493999999999994E-04
1.82943999999999989E-04
1.87183999999999989E-04
1.84505000000000010E-04
2.06583999999999999E-04
1.83644000000000006E-04
2.01945000000000005E-04
1.88273999999999993E-04
1.84524000000000011E-04
1.77593999999999994E-04
1.49443999999999987E-04
1.49843000000000009E-04
1.91993999999999992E-04
1.93784000000000014E-04
1.99864000000000010E-04
