-23.289578737596916
0.00030587499999999999
0.00026332100000000001
0.00027072000000000001
0.000222976
0.00027909400000000002
0.00026884599999999999
0.00025032100000000002
0.00036228500000000001
0.00023903200000000002
0.00029955900000000002
0.00024666900000000003
0.00023247800000000002
0.00023986700000000003
0.00022865400000000001
0.00026505400000000003
0.0010419350000000001
0.00034858100000000004
0.00037805400000000001
0.00034118200000000004
0.000227939
0.00031294900000000003
0.00022299800000000002
0.00022363700000000003
0.00040044100000000002
0.00030384699999999999
0.00036916300000000004
0.00023385400000000003
0.00026065800000000004
0.00024279100000000001
0.00031212900000000002
0.00021702900000000001
0.000243615
0.00043933400000000005
0.00035081200000000004
0.00026902700000000002
0.00025869800000000002
0.000274913
0.000217581
0.00023876100000000001
0.00023478500000000002
0.00021482900000000001
0.000194322
0.00021803700000000003
0.00032010000000000003
0.00026415
0.00024824100000000001
0.000173413
0.00024489300000000004
0.00022892400000000001
0.00022601000000000001
0.00023063600000000002
0.000247211
0.00025476200000000001
0.000223854
0.00024385300000000001
0.00026880200000000001
0.000197214
0.000204126
0.00023476400000000002
0.000247872
0.00023475300000000001
0.00021759200000000001
0.00024868500000000001
0.00024800200000000004
0.00022746100000000001
0.00022937900000000001
0.00022505700000000002
0.00022809000000000002
0.00026865100000000001
0.00023462300000000002
0.00027863900000000001
0.00023508900000000001
0.00024407000000000001
0.00024142600000000002
0.00023251000000000001
0.000221406
0.00023429700000000001
0.00026979900000000004
0.00023343100000000001
0.00028169499999999999
0.00025861900000000003
0.000258294
0.00055297800000000008
0.00037053000000000005
0.00026723200000000001
0.00023058100000000002
0.00023732000000000001
0.00022924900000000003
0.00022693100000000001
0.00022823100000000002
0.00047317800000000004
0.00024079800000000002
0.00024115600000000002
0.00029646100000000003
0.00027206800000000004
0.00046324900000000005
0.00033754200000000003
0.00022795000000000001
0.000426341
0.00026084000000000003
0.00026310500000000002
0.00026481600000000002
0.00030614300000000004
0.00030513800000000005
0.000258597
0.00026924199999999999
0.00023030000000000001
0.00023759100000000002
0.00022929300000000002
0.00022922700000000001
0.00022975800000000002
0.00022816600000000002
0.00023484000000000002
0.00025809900000000002
0.00021219700000000001
0.00026575900000000001
0.00024155700000000002
0.000266939
0.000242119
0.00035844000000000002
0.00027125100000000002
0.00023768900000000002
0.00027469100000000003
0.00023145900000000002
0.00023905400000000002
0.00023298700000000001
0.00023333300000000001
0.00023241200000000001
0.00028113600000000003
0.00024179500000000003
0.00024885500000000003
0.00020531500000000002
0.00025687600000000001
0.000247135
0.00023014500000000001
0.00023988600000000003
0.000219855
0.00027541600000000001
0.00022677500000000002
0.000213804
0.00022077500000000001
0.00021061500000000002
0.00024382600000000002
0.00096069600000000003
0.00032067700000000001
0.00034784300000000002
0.00031278700000000003
0.00021004500000000001
0.000287786
0.00020536500000000002
0.00020598400000000001
0.000368468
0.00027934300000000004
0.00033976600000000003
0.000215004
0.00023972700000000002
0.00022338500000000002
0.00028704000000000002
0.00019978400000000002
0.000224145
0.00040441900000000005
0.00032287700000000001
0.00024726300000000001
0.00023769800000000003
0.000252616
0.00020044500000000002
0.000219385
0.00021580500000000001
0.000197834
0.000178674
0.00020049500000000002
0.00029421600000000003
0.00024156000000000001
0.00022816600000000002
0.000159913
0.00022504500000000002
0.00021087500000000002
0.00020816500000000001
0.00021251500000000001
0.00022734500000000003
0.00023412500000000001
0.00020618500000000001
0.00022425500000000003
0.000247235
0.000181774
0.00018800400000000002
0.000215825
0.00022813500000000002
0.00021543500000000001
0.00019999400000000002
0.00022855500000000002
0.00022800600000000003
0.00020950400000000001
0.000211375
0.00020730500000000002
0.00020994500000000001
0.00024711500000000001
0.00021583500000000002
0.00025614600000000001
0.00021636500000000002
0.00022406500000000002
0.00022156500000000001
0.00021338500000000002
0.000203964
0.00021579500000000002
0.00024819600000000001
0.000214825
0.00025914500000000001
0.00023798500000000002
0.00023753500000000001
0.00050852100000000006
0.00034087700000000001
0.00024561600000000004
0.00021251500000000001
0.00021826400000000002
0.00021135400000000002
0.00020920500000000001
0.00021034500000000002
0.00043577900000000002
0.00022143500000000002
0.00022175500000000002
0.00027255600000000002
0.00025012
0.00042651500000000003
0.00031047700000000003
0.00021004500000000001
0.00039241600000000003
0.00023968500000000001
0.00024178600000000002
0.000243405
0.00028146400000000004
0.00028063600000000001
0.00023776500000000002
0.00024749100000000002
0.00021222500000000002
0.000218404
0.00021125400000000002
0.00021123500000000002
0.00021170500000000002
0.00021023500000000002
0.00021593400000000001
0.00023733600000000002
0.00019505400000000001
0.000244236
0.00022240500000000001
0.000245355
0.00022301500000000002
0.00031434799999999999
0.00024941500000000001
0.00021871400000000001
0.000252561
0.00021334500000000001
0.00021993500000000001
0.000214725
0.00021513500000000001
0.00021426400000000001
