-2.32895787375969157E+01
3.44540000000000005E-04
5.11659000000000029E-04
3.43511000000000012E-04
4.17156999999999977E-04
3.67735000000000002E-04
4.73632999999999997E-04
5.26020999999999997E-04
3.97342999999999980E-04
3.76878999999999994E-04
3.96942000000000009E-04
4.04634000000000016E-04
3.38592999999999989E-04
3.12311000000000012E-04
3.11107999999999990E-04
3.25050000000000013E-04
3.39057999999999992E-04
3.62871000000000016E-04
3.51754999999999982E-04
3.50011000000000007E-04
3.15344000000000008E-04
3.09850999999999985E-04
3.80799999999999986E-04
4.20868000000000023E-04
3.98144999999999977E-04
3.84504999999999992E-04
3.95024000000000004E-04
3.54810000000000000E-04
3.30109999999999995E-04
3.37043999999999994E-04
3.36901999999999981E-04
3.65296999999999996E-04
3.87766000000000000E-04
3.71137000000000008E-04
4.52268999999999989E-04
4.08339000000000022E-04
3.58623999999999987E-04
3.95165000000000002E-04
3.08951999999999979E-04
3.22689000000000027E-04
4.22411999999999994E-04
3.61970999999999994E-04
3.23880000000000023E-04
3.95999000000000015E-04
4.48931999999999977E-04
4.35422999999999995E-04
4.54663000000000007E-04
4.43570000000000010E-04
4.38434999999999986E-04
4.43244999999999989E-04
4.78823000000000020E-04
4.20624999999999992E-04
3.99293000000000000E-04
3.97700999999999979E-04
4.02369999999999985E-04
4.00982999999999993E-04
4.19270000000000016E-04
4.02272000000000014E-04
4.03659000000000006E-04
4.19464999999999996E-04
4.33841000000000023E-04
4.33582000000000010E-04
3.77940000000000003E-04
3.33944999999999988E-04
3.68558000000000004E-04
4.19064999999999987E-04
4.38423999999999975E-04
4.16940999999999991E-04
4.44816000000000005E-04
4.22445000000000025E-04
4.17341000000000001E-04
4.35055000000000001E-04
4.07190999999999998E-04
4.14871999999999995E-04
4.16626000000000019E-04
4.15662000000000019E-04
4.09638999999999999E-04
4.34902999999999993E-04
5.61666000000000053E-04
4.11892000000000020E-04
4.19605999999999994E-04
4.20179999999999978E-04
4.40092000000000001E-04
4.45616999999999986E-04
4.20699999999999980E-04
4.21067999999999974E-04
4.19497000000000012E-04
4.23354999999999988E-04
4.48597000000000015E-04
4.15197000000000016E-04
5.10824000000000000E-04
5.42972999999999980E-04
5.70837000000000037E-04
4.65561999999999985E-04
4.35173999999999978E-04
4.29117999999999980E-04
4.47220999999999979E-04
6.11325000000000019E-04
5.10294000000000004E-04
3.97635999999999986E-04
7.91313999999999993E-04
4.02748999999999989E-04
3.86239000000000027E-04
4.35683000000000023E-04
3.93671000000000006E-04
3.28962000000000026E-04
3.29839000000000011E-04
4.13334000000000010E-04
4.03560999999999981E-04
4.05078000000000014E-04
4.31576999999999991E-04
4.08046999999999978E-04
4.40141000000000013E-04
4.00830999999999985E-04
5.57578999999999996E-04
4.15521999999999983E-04
4.79005999999999974E-04
1.09369200000000006E-03
4.92313999999999989E-04
4.50946999999999991E-04
4.61970000000000024E-04
4.85685999999999984E-04
4.11307000000000025E-04
4.30949000000000024E-04
4.15283000000000015E-04
4.33645999999999988E-04
1.64284600000000011E-03
9.73547999999999970E-04
6.64362999999999954E-04
3.16047000000000018E-04
4.71221000000000020E-04
3.16677000000000018E-04
3.83949000000000020E-04
3.38326999999999975E-04
3.39878000000000001E-04
4.83488999999999978E-04
3.65677999999999977E-04
3.46848000000000024E-04
3.65887999999999977E-04
3.72478999999999996E-04
3.11637000000000025E-04
2.88056000000000022E-04
2.87006999999999985E-04
2.99825999999999999E-04
3.12067000000000019E-04
3.33937999999999987E-04
3.23587000000000017E-04
3.22337000000000014E-04
2.90865999999999976E-04
2.85866000000000017E-04
3.50448000000000003E-04
3.87103999999999985E-04
3.66907999999999991E-04
3.54047999999999982E-04
3.63718999999999978E-04
3.26576999999999987E-04
3.03866999999999983E-04
3.10847000000000000E-04
3.10756999999999993E-04
3.36636999999999982E-04
3.56967999999999988E-04
3.42087999999999995E-04
4.16338999999999999E-04
3.76567999999999977E-04
3.30077000000000018E-04
3.64399000000000005E-04
2.85026000000000018E-04
2.97617000000000020E-04
3.88978000000000002E-04
3.33238000000000024E-04
2.98687000000000008E-04
3.64568000000000010E-04
4.13489000000000011E-04
4.00909000000000020E-04
4.18719999999999975E-04
4.09099000000000008E-04
4.03898999999999990E-04
4.08278999999999999E-04
4.40879999999999994E-04
3.87548999999999999E-04
3.67537999999999990E-04
3.65948000000000000E-04
3.70398999999999989E-04
3.68758000000000009E-04
3.85869000000000001E-04
3.70298000000000025E-04
3.71627999999999987E-04
3.86289000000000001E-04
3.99259000000000007E-04
3.99218999999999974E-04
3.47918000000000012E-04
3.07426999999999982E-04
3.39246999999999986E-04
3.85867999999999986E-04
4.03598999999999983E-04
3.84489000000000011E-04
4.09638999999999999E-04
3.89519000000000009E-04
3.84369000000000019E-04
4.00509000000000010E-04
3.75487999999999994E-04
3.82118999999999992E-04
3.83598000000000023E-04
3.82738999999999996E-04
3.77707999999999983E-04
4.00458999999999982E-04
4.98211000000000031E-04
3.79789000000000005E-04
3.86917999999999984E-04
3.87539000000000004E-04
4.05209000000000016E-04
4.10259000000000003E-04
3.87978999999999993E-04
3.88388999999999998E-04
3.86948000000000023E-04
3.89888999999999980E-04
4.13059000000000017E-04
3.82727999999999985E-04
4.70430999999999996E-04
4.99695999999999994E-04
5.25597000000000043E-04
4.28539000000000025E-04
4.00729000000000005E-04
3.95579000000000015E-04
4.11978999999999980E-04
5.62949999999999996E-04
4.70091000000000009E-04
3.65898000000000026E-04
7.29004000000000002E-04
3.70718999999999986E-04
3.55638000000000026E-04
4.00709000000000015E-04
3.62527999999999982E-04
3.02836999999999974E-04
3.03407000000000004E-04
3.80427999999999984E-04
3.71819000000000012E-04
3.73258000000000010E-04
3.97169000000000005E-04
3.75538000000000022E-04
4.04885000000000011E-04
3.69347999999999975E-04
5.13319000000000037E-04
3.82537999999999975E-04
4.40940000000000017E-04
1.00829299999999995E-03
4.53012999999999994E-04
4.14969000000000004E-04
4.25005000000000001E-04
4.47375000000000019E-04
3.79167999999999986E-04
3.96627999999999998E-04
3.82789000000000024E-04
3.99129000000000020E-04
1.51506399999999999E-03
8.97250000000000044E-04
6.11777999999999996E-04
