-2.32895787375969157E+01
5.31023999999999949E-04
5.23889999999999946E-04
4.13896999999999985E-04
3.87918000000000008E-04
5.05125999999999947E-04
4.31792999999999977E-04
3.85079999999999993E-04
4.39436999999999987E-04
1.45513200000000004E-03
1.07579500000000005E-03
6.43861000000000021E-04
6.42804999999999982E-04
4.45612000000000015E-04
4.86946999999999998E-04
4.22509000000000003E-04
4.96436999999999963E-04
4.62680999999999997E-04
4.59467999999999986E-04
4.13279000000000012E-04
4.05760999999999980E-04
4.04773999999999998E-04
4.83757999999999985E-04
4.81769000000000001E-04
4.24448999999999974E-04
4.91493999999999980E-04
4.34512999999999978E-04
4.14525000000000006E-04
3.78633000000000019E-04
4.26073000000000012E-04
5.68145000000000043E-04
4.00506000000000017E-04
3.89196000000000019E-04
3.97570999999999992E-04
3.20413999999999985E-04
4.27712999999999976E-04
3.53034000000000008E-04
3.50573999999999981E-04
3.60616999999999980E-04
3.59480000000000021E-04
4.42183999999999980E-04
4.28696000000000003E-04
4.47350000000000005E-04
3.09071000000000009E-04
3.08410000000000010E-04
3.08539999999999997E-04
9.23161000000000034E-04
3.97591999999999998E-04
3.97624000000000013E-04
5.12839999999999976E-04
4.79092999999999988E-04
5.56700000000000033E-04
4.21859999999999976E-04
4.09076000000000025E-04
4.04081999999999998E-04
5.00808999999999955E-04
4.21805999999999993E-04
3.97624000000000013E-04
4.06604999999999987E-04
4.63433000000000020E-04
4.91552000000000026E-04
4.21360999999999979E-04
4.41164999999999982E-04
4.53179000000000006E-04
4.45726000000000021E-04
4.56158000000000019E-04
3.73985999999999980E-04
4.09791000000000007E-04
4.27850000000000018E-04
4.33375000000000004E-04
4.46277999999999985E-04
4.43406999999999992E-04
4.23364999999999983E-04
4.51272000000000012E-04
4.53146999999999990E-04
4.80534000000000018E-04
4.47578999999999978E-04
4.41663000000000017E-04
4.16712999999999979E-04
4.65237000000000018E-04
4.66331000000000005E-04
4.53015999999999987E-04
5.36803999999999992E-04
4.82430000000000001E-04
5.12699000000000032E-04
7.57500000000000035E-04
7.55305999999999968E-04
4.31338999999999985E-04
4.17319999999999996E-04
4.54316999999999980E-04
4.34361000000000024E-04
4.41674000000000027E-04
4.29062999999999981E-04
4.22499000000000008E-04
4.76179000000000023E-04
4.90110999999999997E-04
4.40892999999999982E-04
6.13476999999999968E-04
4.30477999999999980E-04
3.99314000000000006E-04
4.52274000000000014E-04
4.44577999999999998E-04
5.14800999999999952E-04
4.25787000000000008E-04
3.76705000000000019E-04
3.87030000000000013E-04
3.98035999999999995E-04
4.05629999999999977E-04
3.19059000000000009E-04
3.29536000000000011E-04
3.68504000000000021E-04
4.00257000000000000E-04
4.01687000000000018E-04
5.02783000000000028E-04
6.31683999999999978E-04
4.80461000000000007E-04
4.38987000000000004E-04
4.21165999999999999E-04
4.21165999999999999E-04
4.73979999999999985E-04
4.06345999999999975E-04
4.44902000000000004E-04
4.77787999999999987E-04
5.70899000000000038E-04
7.21733000000000010E-04
4.18923999999999989E-04
4.87251000000000014E-04
4.52229000000000010E-04
4.11317999999999981E-04
4.86725999999999988E-04
4.82090999999999976E-04
3.80998999999999975E-04
3.57597999999999987E-04
3.82287999999999996E-04
3.96839000000000013E-04
3.54608000000000017E-04
4.04363999999999993E-04
1.32525900000000007E-03
9.91682999999999931E-04
5.92933000000000023E-04
5.92087999999999946E-04
4.09844999999999990E-04
4.48649999999999982E-04
3.89547999999999978E-04
4.56881000000000019E-04
4.25639000000000009E-04
4.22163999999999992E-04
3.80197999999999994E-04
3.73079000000000010E-04
3.72438000000000001E-04
4.45124999999999991E-04
4.43439000000000008E-04
3.90457999999999994E-04
4.52226999999999978E-04
3.99849000000000027E-04
3.82169000000000020E-04
3.48507999999999978E-04
3.92278999999999989E-04
5.23421000000000042E-04
3.68559000000000020E-04
3.58388000000000012E-04
3.65987999999999980E-04
2.95517000000000024E-04
3.93452000000000027E-04
3.24896999999999990E-04
3.22696999999999990E-04
3.31768000000000026E-04
3.30817000000000014E-04
4.07038999999999990E-04
3.95338000000000015E-04
4.11878999999999978E-04
2.85067000000000014E-04
2.84526000000000006E-04
2.84657000000000009E-04
8.50847999999999969E-04
3.66189000000000000E-04
3.66238000000000013E-04
4.72220999999999991E-04
4.40769999999999996E-04
4.81336000000000014E-04
3.88139000000000019E-04
3.76969000000000002E-04
3.72508000000000019E-04
4.60934999999999991E-04
3.88169000000000003E-04
3.66568000000000005E-04
3.74848000000000000E-04
4.26584999999999996E-04
4.52639999999999976E-04
3.88359000000000013E-04
4.06139000000000023E-04
4.17239000000000021E-04
4.10239999999999975E-04
4.19889000000000004E-04
3.44048000000000010E-04
3.77728000000000026E-04
3.93679000000000023E-04
3.98968999999999995E-04
4.10659999999999975E-04
4.08008999999999976E-04
3.90088999999999985E-04
4.15469000000000016E-04
4.17149000000000014E-04
4.42420000000000009E-04
4.12058999999999993E-04
4.06489000000000004E-04
3.83618000000000012E-04
4.28270000000000018E-04
4.29359999999999996E-04
4.16978999999999993E-04
4.94341000000000030E-04
4.44190000000000015E-04
4.12598999999999984E-04
6.96891000000000047E-04
6.95815000000000019E-04
3.97297999999999976E-04
3.84218999999999988E-04
4.18228999999999997E-04
3.99818000000000027E-04
4.06489000000000004E-04
3.95538999999999982E-04
3.89547999999999978E-04
4.38440000000000010E-04
4.51190000000000022E-04
4.05778999999999992E-04
5.65006999999999966E-04
3.95954000000000011E-04
3.67898999999999982E-04
4.16292999999999980E-04
4.09238999999999989E-04
4.74379999999999995E-04
3.91954000000000022E-04
3.46778000000000006E-04
3.56598000000000017E-04
3.66597999999999989E-04
3.73338999999999984E-04
2.93706000000000023E-04
3.03346000000000019E-04
3.39008000000000018E-04
3.68817999999999978E-04
3.70198999999999984E-04
4.62776999999999991E-04
5.81772999999999947E-04
4.42083000000000016E-04
4.03887999999999979E-04
3.88288999999999995E-04
3.88459000000000016E-04
4.36138999999999993E-04
3.73917999999999993E-04
4.09629000000000004E-04
4.39504999999999974E-04
5.25494000000000048E-04
6.65004999999999980E-04
3.85639000000000012E-04
4.48639999999999987E-04
4.15941999999999983E-04
3.79298999999999988E-04
