-23.289578737596916
0.000298638
0.00022945500000000002
0.00023374500000000002
0.00024105800000000002
0.00025387400000000002
0.00023953000000000001
0.00024567300000000002
0.00032624200000000003
0.00026586700000000003
0.00022791600000000002
0.00024639799999999999
0.00024657200000000002
0.00024696200000000004
0.000225035
0.00038919600000000002
0.00030465000000000001
0.0011341400000000001
0.00037641300000000003
0.00039024700000000003
0.00019251200000000002
0.00023543500000000001
0.00020174300000000002
0.00024584600000000003
0.00023596600000000002
0.00017495100000000001
0.00017144100000000001
0.00017146300000000001
0.00021734400000000001
0.00023034300000000001
0.00023091700000000003
0.000273109
0.00025412300000000003
0.00028276700000000001
0.00020795000000000001
0.000230864
0.00023759100000000002
0.00024551100000000001
0.00025104599999999999
0.00026856600000000003
0.00078473000000000008
0.000306416
0.000346623
0.00026428500000000001
0.00024728700000000001
0.00025935600000000003
0.00026499999999999999
0.00023994200000000001
0.00022913000000000002
0.00023381000000000001
0.00023268400000000001
0.00023388600000000002
0.00023659500000000001
0.00022442800000000001
0.00024722200000000001
0.00022193600000000002
0.00022393000000000001
0.00022341
0.000211721
0.000223107
0.00018723700000000001
0.00019736600000000001
0.00024009400000000002
0.00023658400000000002
0.000276538
0.00024026700000000001
0.00024050500000000002
0.00024170800000000001
0.00024200000000000003
0.00024598700000000003
0.00023951900000000002
0.00023285700000000002
0.00027786999999999999
0.00023234800000000001
0.00023191500000000002
0.00023232600000000001
0.00026425800000000002
0.00022408200000000001
0.00022442800000000001
0.00022546900000000001
0.00029796100000000002
0.000233713
0.00023486100000000003
0.00023492600000000002
0.00023508900000000001
0.00023811100000000002
0.00023598800000000002
0.00024003900000000002
0.00027995
0.00023943300000000002
0.00023071200000000002
0.00024430300000000002
0.00017585100000000001
0.00017519000000000001
0.00017125800000000001
0.00017135500000000002
0.00017081300000000002
0.00017285
0.00027568200000000002
0.000250375
0.000264219
0.00023216400000000001
0.00026608300000000002
0.00046114700000000002
0.00027348200000000002
0.00022527300000000001
0.00022943400000000001
0.00020581700000000001
0.00017065
0.0012922770000000001
0.00025620300000000004
0.00022377800000000002
0.00021738600000000002
0.00020405
0.00018884000000000001
0.000234455
0.00023155700000000002
0.00024295300000000002
0.00023501300000000001
0.000237168
0.00022824100000000001
0.00021105900000000001
0.00022266200000000002
0.00029468000000000002
0.00029266900000000001
0.00022649700000000001
0.00025300700000000003
0.00021273900000000001
0.000276624
0.00027413600000000002
0.00021144500000000002
0.00021494500000000002
0.00022165500000000002
0.00023370500000000001
0.00022014500000000001
0.00022590500000000001
0.00022412500000000001
0.00024432499999999999
0.000209805
0.00022653500000000001
0.000226655
0.00022666500000000003
0.00020712400000000002
0.00035807800000000001
0.00028016600000000004
0.001046188
0.00034632800000000002
0.000359138
0.00017744400000000002
0.000216605
0.00018465400000000002
0.00022595500000000001
0.00021691500000000001
0.00016126400000000002
0.00015811300000000001
0.00015813400000000001
0.000199824
0.00021225500000000001
0.000212685
0.00025118100000000001
0.00023375500000000001
0.00026016600000000004
0.000191375
0.00021272400000000002
0.00021860500000000003
0.00022581500000000001
0.00023093600000000003
0.00024704700000000002
0.00072325600000000003
0.00028182700000000001
0.00031890999999999999
0.00024304500000000003
0.000227526
0.00023881500000000002
0.00024395500000000002
0.00022068500000000001
0.00021119400000000002
0.00021557500000000002
0.00021457500000000003
0.00021568500000000002
0.00021746500000000002
0.00020671400000000001
0.00022715600000000001
0.00020451400000000001
0.000206295
0.00020586400000000002
0.00019509400000000001
0.00020555500000000001
0.000172163
0.00018188400000000002
0.000220745
0.00021787400000000001
0.00025441500000000002
0.00022135500000000001
0.00022159500000000002
0.00022274500000000002
0.00022291500000000002
0.000226345
0.000220585
0.000214515
0.00025570600000000002
0.00021415500000000003
0.00021379500000000002
0.00021420400000000001
0.00024284000000000003
0.00020622500000000001
0.00020670400000000002
0.00020761500000000002
0.00027405100000000004
0.00021527500000000001
0.00021646500000000002
0.000216455
0.00021673500000000002
0.00021933500000000003
0.00021742500000000001
0.00022087500000000002
0.000257505
0.00022019500000000002
0.00021260500000000002
0.00022455000000000001
0.000162144
0.00016154300000000002
0.000157944
0.00015802400000000002
0.00015753300000000001
0.00015940400000000001
0.00025349600000000003
0.00023024500000000002
0.00024278500000000003
0.00021403500000000001
0.00024469500000000001
0.00042462500000000003
0.00025131600000000002
0.000207364
0.00021082500000000002
0.00018950400000000001
0.000157374
0.0011917920000000001
0.00023557500000000002
0.00020611500000000001
0.00019986400000000001
0.000187655
0.00017406300000000002
0.00021548000000000002
0.00021347400000000001
0.00022343500000000002
0.000216624
0.000218645
0.00021038500000000003
0.000193964
0.00020488400000000001
0.00027087300000000003
0.00026919600000000003
0.00020882500000000002
0.00023294500000000003
0.000195985
0.00025431500000000002
