-23.289578737596916
0.00028218200000000002
0.000279988
0.00023617200000000001
0.00024100300000000002
0.00025782800000000004
0.00023324700000000001
0.00023391900000000002
0.000244925
0.00033171300000000003
0.00022721300000000001
0.00022687600000000001
0.00022965000000000003
0.00023311700000000002
0.00023685500000000001
0.000285297
0.00026617200000000001
0.00035342300000000001
0.00028637500000000001
0.00031249500000000004
0.00022110200000000001
0.00026068100000000002
0.00022720200000000002
0.00021940200000000002
0.00023826300000000001
0.00018297900000000002
0.000229151
0.00032803700000000004
0.00025753500000000003
0.00025530400000000003
0.00025699400000000003
0.00025926900000000001
0.00028439300000000003
0.00029731700000000001
0.0014938410000000001
0.00032126800000000004
0.00022695300000000001
0.00022239200000000002
0.00026347800000000004
0.00023359400000000003
0.00023338700000000002
0.00023261900000000002
0.00023779700000000001
0.00023715800000000001
0.00023783000000000002
0.00023484000000000002
0.00028532399999999999
0.00017366200000000002
0.00021405000000000003
0.00021190500000000003
0.00017781200000000001
0.00017651100000000002
0.00017396500000000002
0.000173554
0.00019223100000000001
0.00017221000000000001
0.00020781
0.000191115
0.00017217800000000002
0.00017199400000000002
0.000171831
0.00017217800000000002
0.00017196100000000002
0.00017331600000000002
0.00017426900000000001
0.00020136400000000002
0.00017561200000000001
0.00018518900000000002
0.00017649000000000001
0.00019343300000000002
0.00017408400000000002
0.00022159000000000002
0.000172189
0.00017221100000000002
0.000172027
0.00017199400000000002
0.00018559000000000002
0.00021886
0.00026641400000000003
0.00023506700000000002
0.00023651800000000001
0.00023642200000000002
0.00023871800000000001
0.00023984500000000001
0.000246529
0.00027817400000000001
0.00027221600000000004
0.00024186000000000002
0.00023586900000000001
0.00023659400000000002
0.00023780800000000002
0.00023416800000000001
0.00026143100000000001
0.00023090600000000001
0.00025438300000000001
0.00022785200000000001
0.000228848
0.0002299
0.00023530500000000002
0.00023526200000000003
0.00027700800000000003
0.00023604200000000003
0.000250234
0.00023783000000000002
0.00024338700000000002
0.00023362600000000002
0.00031137300000000004
0.000218545
0.00023174100000000002
0.00026425200000000003
0.00023003000000000002
0.00019791800000000003
0.000170922
0.000170824
0.00019310900000000001
0.00017311
0.00021782000000000003
0.00017580700000000002
0.00017559000000000002
0.00017800700000000002
0.00017746500000000002
0.00023258600000000001
0.00025598600000000004
0.000232434
0.00023112300000000002
0.00031297200000000001
0.00023657300000000001
0.00022974800000000002
0.00023119900000000002
0.00025953599999999999
0.00025739099999999999
0.000217705
0.00022211500000000002
0.00023698600000000001
0.00021497500000000001
0.00021560400000000002
0.00022514500000000003
0.00022937500000000001
0.00020892500000000002
0.00020899500000000001
0.00021176500000000002
0.00021439400000000002
0.00021807400000000001
0.00026243100000000004
0.000244608
0.00032515700000000002
0.00026331600000000004
0.00028751699999999999
0.00020372400000000002
0.00023966900000000003
0.00020908400000000001
0.00020119400000000003
0.00021913500000000002
0.000168634
0.000210745
0.00030178300000000002
0.00023698600000000001
0.00023484500000000002
0.00023632500000000001
0.00023880600000000002
0.00026172599999999999
0.00027351600000000002
0.0013779210000000001
0.000295474
0.000209225
0.00020459500000000002
0.00024226000000000003
0.00021534500000000001
0.00021511500000000002
0.00021449500000000001
0.00021928500000000003
0.00021869500000000001
0.00021930500000000002
0.00021644400000000002
0.00024907600000000004
0.000160144
0.00019688400000000001
0.00019533500000000001
0.00016396300000000002
0.00016278400000000002
0.00016044400000000001
0.00016005300000000001
0.00017672400000000001
0.00015880400000000002
0.00019112400000000001
0.00017568400000000001
0.00015877400000000001
0.00015861300000000002
0.000158474
0.000158803
0.000158584
0.00015984400000000002
0.00016071300000000002
0.00018521400000000001
0.00016190400000000001
0.00017074400000000002
0.000162774
0.000177844
0.000160543
0.00020382500000000001
0.00015878300000000001
0.00015881400000000001
0.000158653
0.00015861400000000001
0.00017063400000000002
0.00020164400000000001
0.00024493099999999999
0.00021665500000000001
0.00021790500000000001
0.00021782500000000002
0.00022003500000000002
0.00022104500000000001
0.00022685500000000001
0.00025584500000000004
0.00025032600000000004
0.00022297500000000001
0.000217285
0.00021814500000000002
0.000219275
0.00021572500000000003
0.00024022000000000003
0.00021277400000000002
0.00023381600000000003
0.00020991400000000001
0.00021071500000000002
0.00021180500000000002
0.00021673500000000002
0.00021677500000000002
0.00025473999999999999
0.00021742500000000001
0.000230685
0.00021930500000000002
0.000223935
0.00021530500000000003
0.000286361
0.00020135500000000001
0.00021316500000000002
0.00024313500000000001
0.00021144500000000002
0.00018225400000000002
0.000157634
0.000157553
0.000177524
0.000159634
0.000200294
0.000162103
0.000161934
0.00016412300000000001
0.00016365300000000001
0.00021396500000000002
0.00023538500000000001
0.00021431500000000002
0.000213105
0.000287717
0.00021771500000000003
0.00021179400000000001
0.00021317500000000002
