-2.32895787375969157E+01
4.85988999999999985E-04
1.73856100000000001E-03
6.52054000000000002E-04
4.05186999999999995E-04
4.41219000000000019E-04
4.34058000000000024E-04
4.36192000000000014E-04
4.50102000000000022E-04
4.50016000000000023E-04
4.42073999999999983E-04
4.17515999999999992E-04
4.21848000000000004E-04
4.94430000000000021E-04
6.16429999999999951E-04
1.05712899999999997E-03
4.24404999999999986E-04
4.85767000000000013E-04
4.22606999999999974E-04
4.81606999999999999E-04
4.43364000000000019E-04
4.86405999999999991E-04
4.29237000000000010E-04
6.98275000000000046E-04
3.84235000000000024E-04
4.26625999999999991E-04
4.07114999999999994E-04
4.60834000000000027E-04
4.23398000000000014E-04
4.23061999999999982E-04
4.28077999999999976E-04
4.56309999999999973E-04
1.42647900000000003E-03
2.68266899999999994E-03
1.13324099999999989E-03
4.33289000000000005E-04
6.21896000000000037E-04
4.78193999999999982E-04
4.66405999999999993E-04
4.37242999999999974E-04
4.44955999999999987E-04
4.52409999999999987E-04
4.50546999999999981E-04
4.18978000000000026E-04
5.00662000000000025E-04
4.63936000000000025E-04
4.35617999999999975E-04
5.10889999999999955E-04
4.26907999999999986E-04
4.82018999999999980E-04
4.30222999999999977E-04
4.46418999999999982E-04
4.20722000000000001E-04
4.64467999999999999E-04
4.04687999999999999E-04
4.26995000000000000E-04
4.20798000000000005E-04
4.20678999999999975E-04
4.22411999999999994E-04
4.36539000000000003E-04
4.90740000000000035E-04
5.54272999999999984E-04
4.41960999999999992E-04
2.46781099999999988E-03
1.22373899999999995E-03
6.93268000000000031E-04
6.31077999999999978E-04
4.38402000000000008E-04
4.00496000000000023E-04
4.37708999999999993E-04
4.67069000000000024E-04
5.14506999999999985E-04
3.72447999999999996E-04
5.17834000000000003E-04
3.98533999999999976E-04
3.91817999999999995E-04
3.74798000000000026E-04
3.19265000000000000E-04
3.78778999999999986E-04
4.13517000000000019E-04
4.66559000000000017E-04
3.96172999999999990E-04
3.75101000000000026E-04
4.23745000000000003E-04
5.21310999999999997E-04
4.42204000000000024E-04
3.68514999999999978E-04
4.17015999999999980E-04
4.31782999999999982E-04
4.23040999999999977E-04
4.19312999999999988E-04
3.89034000000000016E-04
4.00420000000000019E-04
4.12239000000000008E-04
4.05002000000000010E-04
5.09134999999999970E-04
4.01135000000000001E-04
4.26831999999999982E-04
4.11555999999999988E-04
4.23949999999999978E-04
3.90842999999999985E-04
4.04167999999999997E-04
4.52962000000000004E-04
4.07375000000000022E-04
4.44258000000000001E-04
4.98376000000000027E-04
4.67030000000000006E-04
3.95296000000000005E-04
3.93812000000000003E-04
6.50388000000000008E-04
4.17407000000000010E-04
4.15576000000000020E-04
4.15921999999999993E-04
4.14894000000000016E-04
4.51424000000000020E-04
4.54998999999999985E-04
3.96909999999999993E-04
4.29833000000000016E-04
4.75469000000000011E-04
3.99628000000000017E-04
3.92175999999999994E-04
4.06162000000000005E-04
4.40503999999999982E-04
4.07103999999999984E-04
4.01297000000000004E-04
3.46978000000000011E-04
4.13875000000000018E-04
4.37806000000000002E-04
4.57333999999999996E-04
4.44755000000000020E-04
1.60350599999999999E-03
5.13644999999999965E-04
3.73297999999999989E-04
4.06198999999999991E-04
4.00218999999999998E-04
4.02318999999999995E-04
4.14540000000000026E-04
4.14708999999999976E-04
4.06928999999999993E-04
3.84279000000000012E-04
3.88238000000000005E-04
4.54897000000000005E-04
5.67741999999999986E-04
9.74731999999999964E-04
3.90869000000000015E-04
4.47250000000000002E-04
3.89048999999999981E-04
4.43389999999999995E-04
4.08139000000000017E-04
4.47679999999999996E-04
3.94659000000000004E-04
6.43132000000000035E-04
3.53727999999999985E-04
3.92779000000000001E-04
3.74688999999999990E-04
4.24134000000000002E-04
3.89739000000000003E-04
3.89829000000000011E-04
3.94608999999999975E-04
4.19959000000000022E-04
1.31549000000000011E-03
2.47432999999999985E-03
1.04463899999999998E-03
3.98729000000000011E-04
5.72757000000000019E-04
4.40279000000000018E-04
4.29289999999999978E-04
4.02289000000000010E-04
4.10288999999999988E-04
4.16719999999999981E-04
4.14888999999999991E-04
3.85708999999999976E-04
4.60190000000000024E-04
4.27110000000000022E-04
4.01009000000000023E-04
4.70439999999999975E-04
3.92818999999999981E-04
4.43529999999999977E-04
3.95909000000000007E-04
4.10949000000000026E-04
3.87268999999999981E-04
4.27479999999999993E-04
3.72577999999999983E-04
3.93079000000000009E-04
3.87319000000000010E-04
3.87137999999999979E-04
3.88708999999999995E-04
4.01779000000000003E-04
4.51840000000000011E-04
5.10166999999999956E-04
4.06493999999999974E-04
2.27660100000000006E-03
1.12815500000000004E-03
6.38600000000000018E-04
5.81123000000000013E-04
4.03239000000000006E-04
3.69378000000000013E-04
4.02719000000000004E-04
4.29660000000000003E-04
4.72980999999999977E-04
3.42567000000000002E-04
4.76579999999999994E-04
3.66917999999999986E-04
3.60678000000000019E-04
3.45067000000000008E-04
2.94477000000000020E-04
3.48342000000000020E-04
3.80517999999999991E-04
4.29699999999999982E-04
3.64737999999999976E-04
3.45477999999999974E-04
3.90068999999999995E-04
4.80750000000000003E-04
4.07010000000000022E-04
3.39107000000000004E-04
3.83998999999999994E-04
3.97369000000000010E-04
3.89658999999999991E-04
3.85427999999999997E-04
3.57948000000000023E-04
3.68718999999999991E-04
3.79508000000000026E-04
3.72769000000000008E-04
4.68820000000000001E-04
3.69378000000000013E-04
3.92958000000000001E-04
3.78978999999999991E-04
3.90669000000000010E-04
3.60488000000000009E-04
3.72237999999999996E-04
4.17160000000000024E-04
3.75138000000000012E-04
4.08434000000000000E-04
4.58609999999999975E-04
4.29774000000000009E-04
3.64417999999999979E-04
3.63188000000000020E-04
5.99057999999999969E-04
3.84938999999999995E-04
3.83349000000000005E-04
3.83667999999999986E-04
3.82729000000000001E-04
4.15648999999999977E-04
4.18599999999999983E-04
3.66057999999999998E-04
3.96129000000000002E-04
4.37434000000000000E-04
3.67718000000000005E-04
3.61098000000000018E-04
3.73868000000000019E-04
4.05388999999999977E-04
3.74677999999999979E-04
3.69407999999999998E-04
3.19637000000000003E-04
3.80918000000000001E-04
4.03148999999999999E-04
4.20824999999999997E-04
