-23.289578737596916
0.000269084
0.00019508000000000001
0.00023803500000000002
0.00022258600000000001
0.00022374600000000001
0.000223496
0.000223193
0.00026477800000000002
0.00033118200000000002
0.00022879400000000002
0.00026054800000000004
0.00022616100000000001
0.00027480400000000002
0.00022670400000000002
0.00025884600000000002
0.000266777
0.00024091700000000002
0.00025196700000000002
0.00024870700000000003
0.00021823100000000002
0.00028008000000000004
0.00024364700000000002
0.00028462000000000002
0.000274734
0.00020399700000000001
0.00023628100000000002
0.00026439300000000003
0.00022567400000000001
0.00023228200000000002
0.00022715800000000001
0.00019996600000000002
0.00026879200000000001
0.00024740600000000004
0.00020503600000000002
0.00025437300000000001
0.00022939000000000002
0.00022820900000000002
0.00022589100000000001
0.00022549000000000001
0.00022565200000000001
0.00025139300000000004
0.00022247900000000001
0.00022476500000000001
0.00040041500000000005
0.000213346
0.00021115700000000001
0.000175341
0.00020349800000000001
0.000174897
0.000175482
0.00017646800000000002
0.00017382400000000002
0.00017283900000000002
0.00021474300000000001
0.00022934700000000003
0.00019915300000000001
0.000215047
0.00022297700000000002
0.00021940100000000001
0.00017123600000000001
0.00021856700000000002
0.00017510300000000002
0.00017200400000000002
0.00020241400000000002
0.00019453800000000001
0.00017494
0.000174475
0.000175038
0.00017307700000000002
0.00017285
0.00017185300000000002
0.000171225
0.00017102900000000001
0.000171149
0.00017032500000000001
0.000170552
0.00019327100000000001
0.00018189500000000001
0.00021636800000000001
0.000173327
0.000172449
0.00018897
0.000222749
0.00022232600000000001
0.000228848
0.000172926
0.00017196100000000002
0.00019069200000000001
0.00017085600000000002
0.00017062900000000002
0.00017085600000000002
0.00017081300000000002
0.00017088900000000002
0.00017105200000000002
0.00017088900000000002
0.000170726
0.00018719400000000001
0.00017307700000000002
0.000177269
0.000221969
0.00023288900000000001
0.00022693100000000001
0.00020519800000000002
0.00019590300000000001
0.00017943700000000001
0.00017049900000000001
0.00022586900000000002
0.00017083500000000001
0.00017078000000000001
0.00017097500000000002
0.000190292
0.000171127
0.00017073700000000002
0.00019749700000000001
0.00022862100000000001
0.00022538200000000002
0.00022414600000000002
0.00023561900000000001
0.00018661900000000001
0.000172948
0.00025140399999999999
0.00026091600000000003
0.000241914
0.00022892400000000001
0.000283369
0.00026075300000000002
0.00023191500000000002
0.000262725
0.00024737500000000004
0.00017970400000000001
0.00021888500000000002
0.000205145
0.00020612400000000002
0.00020606500000000001
0.000205775
0.00024341
0.00022290500000000002
0.00021075500000000002
0.00023959500000000003
0.00020835500000000002
0.00025283599999999999
0.00020889400000000002
0.00023814600000000001
0.000245345
0.000221845
0.00023170600000000001
0.00022881500000000002
0.00020112400000000001
0.00025758600000000002
0.00022396500000000001
0.00026186600000000003
0.00025263100000000001
0.00018753400000000002
0.00021723400000000001
0.00024315600000000001
0.000208075
0.00021409400000000001
0.00020945500000000002
0.00018440400000000002
0.00024721600000000003
0.00022737500000000001
0.00018903400000000001
0.00023393600000000002
0.00021135400000000002
0.00021044500000000002
0.00020830500000000002
0.000207944
0.00020809500000000002
0.000231105
0.00020495500000000002
0.00020722500000000001
0.00036847300000000002
0.000196104
0.000194205
0.000161643
0.00018676500000000001
0.00016129300000000002
0.00016184400000000002
0.00016273400000000002
0.00016029300000000002
0.00015940400000000001
0.000197364
0.000210905
0.00018351400000000002
0.00019800500000000001
0.00020535400000000001
0.00020219500000000001
0.00015790300000000001
0.00020098500000000001
0.000161454
0.00015861300000000002
0.00018620400000000001
0.00017880400000000002
0.00016133400000000001
0.00016091400000000001
0.000161423
0.00015960400000000001
0.00015941300000000001
0.00015849400000000002
0.00015791400000000002
0.00015773300000000002
0.000157844
0.00015707300000000001
0.00015728400000000002
0.00017767400000000001
0.000167703
0.00019906400000000002
0.00015981400000000001
0.00015903300000000002
0.000173754
0.000205245
0.00020484400000000001
0.000210855
0.00015945400000000001
0.00015857300000000001
0.000175274
0.00015755400000000002
0.00015736300000000002
0.00015756400000000001
0.00015752300000000002
0.00015760400000000002
0.000157763
0.00015760400000000002
0.00015745400000000001
0.00017209300000000001
0.00015960400000000001
0.000163494
0.000203964
0.00021411500000000002
0.00020876500000000002
0.000188674
0.00018015400000000002
0.000165434
0.00015723400000000002
0.000207834
0.000157534
0.00015747300000000002
0.000157684
0.00017495400000000001
0.000157813
0.00015745400000000001
0.00018200400000000001
0.00021023500000000002
0.00020766400000000001
0.00020646400000000001
0.00021667500000000002
0.000172034
0.00015948400000000002
0.00023106500000000002
0.00023992500000000002
0.00022216500000000003
0.00021052500000000001
0.00026097100000000003
0.00023957500000000001
0.00021380500000000002
0.00024159600000000001
