-2.32895787375969157E+01
5.01247000000000021E-04
4.07743000000000016E-04
4.00885000000000022E-04
6.01728999999999957E-04
6.37191999999999967E-04
6.47078000000000041E-04
3.95717999999999981E-04
5.67711000000000040E-04
4.73362000000000012E-04
4.47351000000000020E-04
4.45822999999999977E-04
4.42930999999999978E-04
4.30157999999999984E-04
4.27460000000000004E-04
4.31923999999999980E-04
4.14513999999999996E-04
4.47534999999999990E-04
4.18478999999999976E-04
4.38000999999999983E-04
4.02207000000000020E-04
5.05696000000000032E-04
4.15466999999999985E-04
4.04200999999999974E-04
4.05945000000000004E-04
4.07330999999999980E-04
3.45037999999999985E-04
3.14487000000000013E-04
3.46359999999999984E-04
3.08985000000000011E-04
3.14401000000000014E-04
3.41484999999999987E-04
3.85220999999999990E-04
4.23116000000000019E-04
4.19518999999999979E-04
4.13452000000000025E-04
4.28229999999999984E-04
3.29763000000000007E-04
3.44313000000000008E-04
3.77008000000000020E-04
3.55265000000000008E-04
3.07911999999999975E-04
3.29860000000000016E-04
4.32746999999999982E-04
4.17341000000000001E-04
4.16530000000000025E-04
4.10646999999999987E-04
4.11643000000000002E-04
3.40326000000000007E-04
3.47757999999999986E-04
4.71222999999999998E-04
5.85062000000000017E-04
4.68411999999999973E-04
3.71244999999999973E-04
3.95635999999999991E-04
3.95610000000000015E-04
4.15131000000000007E-04
4.22876999999999997E-04
5.97734000000000047E-04
4.05067000000000003E-04
5.54008000000000039E-04
3.93021000000000017E-04
4.55086000000000000E-04
4.37794999999999992E-04
5.53444000000000050E-04
4.20083000000000023E-04
4.58476999999999995E-04
6.01923999999999992E-04
4.59704000000000015E-04
4.26376999999999973E-04
4.11492000000000010E-04
4.11025999999999991E-04
4.08556000000000023E-04
4.28663000000000026E-04
4.09802000000000018E-04
4.17428000000000016E-04
4.08978000000000000E-04
4.08436999999999993E-04
4.27254000000000013E-04
4.09227000000000017E-04
4.09303000000000021E-04
4.32054000000000021E-04
4.10711999999999980E-04
4.32433000000000025E-04
4.40612000000000002E-04
4.63168000000000022E-04
4.55769000000000020E-04
4.17428000000000016E-04
1.53296199999999991E-03
1.39552100000000004E-03
6.42750999999999999E-04
5.68448999999999951E-04
1.25818999999999996E-03
5.38065000000000006E-04
8.16845999999999978E-04
6.58832000000000037E-04
4.08305999999999990E-04
4.32767999999999987E-04
4.12867999999999992E-04
3.67203999999999990E-04
4.27741999999999999E-04
4.21381999999999985E-04
4.43970999999999982E-04
4.15468000000000000E-04
4.24621999999999988E-04
4.20320999999999976E-04
4.08112000000000026E-04
4.26398999999999995E-04
4.23528000000000001E-04
4.32216000000000024E-04
4.17655999999999973E-04
3.73844999999999982E-04
3.68243999999999993E-04
4.16224999999999993E-04
4.25964999999999992E-04
3.41256999999999975E-04
3.98427000000000026E-04
4.25130999999999979E-04
4.21728999999999973E-04
4.42431999999999982E-04
4.35369000000000012E-04
4.76677000000000003E-04
4.16735000000000000E-04
5.35762999999999973E-04
4.04135000000000019E-04
4.40389999999999976E-04
4.03735000000000010E-04
4.15607999999999982E-04
4.03539999999999975E-04
4.59330999999999997E-04
3.75008000000000025E-04
3.69338999999999995E-04
5.54022000000000043E-04
4.47730000000000025E-04
5.94944000000000028E-04
3.64797999999999999E-04
5.22912000000000051E-04
4.14458999999999997E-04
4.11879999999999994E-04
4.10288999999999988E-04
4.07739000000000007E-04
3.95928999999999997E-04
3.93528999999999993E-04
3.97679000000000012E-04
3.82148000000000015E-04
4.12030000000000024E-04
3.85777999999999978E-04
4.03329000000000014E-04
3.70088000000000025E-04
4.65424999999999997E-04
3.82668999999999978E-04
3.72567999999999988E-04
3.74058999999999991E-04
3.75477999999999999E-04
3.17417999999999975E-04
2.90025999999999977E-04
3.18977000000000019E-04
2.84996999999999996E-04
2.90056000000000016E-04
3.14316999999999993E-04
3.54647999999999997E-04
3.90159000000000003E-04
3.86909000000000005E-04
3.81228000000000003E-04
3.94398999999999976E-04
3.03517000000000001E-04
3.16626999999999989E-04
3.46477999999999999E-04
3.27006999999999981E-04
2.83997000000000025E-04
3.03696000000000001E-04
3.98337999999999980E-04
3.84748000000000024E-04
3.84038999999999973E-04
3.78667999999999973E-04
3.79139000000000017E-04
3.13276999999999989E-04
3.20157000000000005E-04
4.33734999999999980E-04
5.38586999999999985E-04
4.30910000000000006E-04
3.42207999999999987E-04
3.63862000000000007E-04
3.64097999999999982E-04
3.82648000000000027E-04
3.89958999999999998E-04
5.44745000000000017E-04
3.72748000000000003E-04
5.10320999999999995E-04
3.61838999999999976E-04
4.18919000000000019E-04
4.02889000000000025E-04
5.09732000000000045E-04
3.86768000000000008E-04
4.22420000000000011E-04
5.54392000000000014E-04
4.22923000000000016E-04
3.92549000000000012E-04
3.79508000000000026E-04
3.79149000000000012E-04
3.76867999999999984E-04
3.94719000000000027E-04
3.77928999999999993E-04
3.84988000000000008E-04
3.77239000000000025E-04
3.76747999999999992E-04
3.93399000000000006E-04
3.77407999999999975E-04
3.77569000000000017E-04
3.97828999999999989E-04
3.78788000000000020E-04
3.98189000000000019E-04
4.05219000000000011E-04
4.26510000000000008E-04
4.19679000000000005E-04
3.84988000000000008E-04
1.41364199999999989E-03
1.28728299999999996E-03
5.91968000000000008E-04
5.23372000000000030E-04
1.15994600000000002E-03
4.95476000000000011E-04
7.52872000000000025E-04
6.06722999999999985E-04
3.75909000000000009E-04
3.98409000000000014E-04
3.80087999999999997E-04
3.38168000000000019E-04
3.93878999999999974E-04
3.88618999999999987E-04
4.08779000000000011E-04
3.82537999999999975E-04
3.91077999999999999E-04
3.86869000000000026E-04
3.75658000000000014E-04
3.92528000000000007E-04
3.90559000000000012E-04
3.97948999999999981E-04
3.84518999999999996E-04
3.44128000000000023E-04
3.39627000000000006E-04
3.83879000000000002E-04
3.92109000000000023E-04
3.14177000000000011E-04
3.66758000000000015E-04
3.91358999999999978E-04
3.88987999999999997E-04
4.07389000000000026E-04
4.00848999999999997E-04
4.38599999999999982E-04
3.84087999999999986E-04
4.93261000000000047E-04
3.72498000000000024E-04
4.05174000000000007E-04
3.71488000000000005E-04
3.82399000000000009E-04
3.71458000000000020E-04
