-23.289578737596916
0.00032879900000000001
0.00022814500000000002
0.00019835100000000001
0.00017807100000000002
0.00023657300000000001
0.000232878
0.00023065800000000001
0.00025588900000000003
0.00035705200000000001
0.00024397200000000001
0.00023791600000000002
0.00023164300000000002
0.00025127400000000001
0.00023553300000000001
0.00024403700000000001
0.00023687600000000001
0.00026147900000000001
0.00023491500000000001
0.000248533
0.00028493400000000003
0.00029075100000000001
0.00023138400000000001
0.00023212000000000002
0.00026130599999999999
0.00026428500000000001
0.000239065
0.00023160000000000002
0.00023995300000000002
0.00023499100000000001
0.00024150200000000002
0.00025465399999999999
0.00022827400000000002
0.00027164100000000004
0.00026532500000000001
0.00023635700000000003
0.00023683200000000003
0.00023340900000000001
0.00025157700000000001
0.000237743
0.000235684
0.00024266100000000003
0.000259237
0.000220962
0.00021333500000000002
0.00021375700000000002
0.000214071
0.00023099400000000002
0.00024411300000000001
0.00024144800000000001
0.00024769900000000004
0.00024857600000000003
0.000262649
0.000244384
0.00026452400000000003
0.00023666000000000003
0.00023943300000000002
0.00024197800000000001
0.00027696000000000003
0.00024317100000000001
0.00023697400000000001
0.000266116
0.000277037
0.00023041900000000002
0.00023275900000000003
0.00023942200000000001
0.000235023
0.00023292200000000002
0.00023195800000000002
0.00025493500000000002
0.00023111200000000001
0.00023730900000000003
0.00022831800000000001
0.00022818800000000002
0.00022759200000000001
0.00027907300000000002
0.00022800400000000002
0.00026308800000000003
0.00023423300000000001
0.00022706100000000003
0.00024011500000000003
0.00023294300000000002
0.00023754800000000002
0.00025905200000000001
0.00024204400000000002
0.00026932300000000002
0.0009342650000000001
0.00023775400000000001
0.00031056600000000002
0.000293481
0.00031599300000000004
0.00023841500000000001
0.00026289800000000002
0.00022714800000000001
0.00023245600000000003
0.00024818600000000001
0.000235641
0.00023771000000000003
0.00024625800000000001
0.00023865300000000002
0.00024000700000000001
0.00028229200000000001
0.00017649000000000001
0.00020152600000000002
0.00025670100000000002
0.000292637
0.00026793600000000003
0.00023698500000000002
0.00027170600000000003
0.00031407599999999999
0.00024246600000000002
0.00024759100000000002
0.00024921500000000001
0.00024161100000000003
0.00024939999999999999
0.00024494700000000002
0.00024364700000000002
0.00026855300000000004
0.00024864100000000002
0.00038608700000000002
0.00022243500000000002
0.00026761100000000001
0.00024276900000000002
0.000241914
0.00023938900000000001
0.00031367500000000002
0.00025136100000000002
0.000238805
0.00076573900000000009
0.00030179600000000001
0.00020966500000000002
0.00018273400000000002
0.00016416400000000001
0.00021769500000000001
0.000214725
0.00021272500000000001
0.000235295
0.000220635
0.00022442500000000002
0.00021892500000000002
0.00021360500000000001
0.00023102500000000002
0.00021717500000000001
0.00022446500000000003
0.00021840500000000002
0.00024037600000000002
0.00021658500000000001
0.00022856500000000002
0.00026207600000000003
0.00025787600000000004
0.00021328500000000002
0.00021404400000000001
0.00024023600000000001
0.00024334500000000001
0.000219855
0.00021355500000000001
0.00022066500000000002
0.00021663500000000002
0.00022212500000000002
0.00023423500000000001
0.00021030500000000001
0.000249876
0.00024393500000000003
0.00021745500000000002
0.000217815
0.00021494500000000002
0.00023155500000000001
0.00021871500000000002
0.00021727500000000001
0.00022326500000000002
0.00023849500000000003
0.000203105
0.00019619400000000001
0.00019660400000000002
0.00019692400000000001
0.00021235500000000001
0.00022447500000000002
0.00022249500000000002
0.00022774500000000001
0.00022865500000000003
0.00024154500000000002
0.00022488500000000003
0.00024325600000000002
0.00021804500000000002
0.00022064500000000003
0.00022263500000000003
0.00025479499999999999
0.00022368500000000002
0.000218304
0.00024477599999999999
0.00025468600000000001
0.00021233500000000002
0.000214484
0.000220325
0.00021653500000000001
0.00021476500000000001
0.000213885
0.00023448500000000002
0.00021308500000000001
0.00021831500000000001
0.00021050500000000002
0.00021041400000000002
0.00020986500000000002
0.000256786
0.00021013500000000002
0.00024193000000000001
0.00021593500000000003
0.00020925500000000001
0.00022096500000000002
0.00021471400000000002
0.00021899500000000001
0.00023828600000000002
0.00022318500000000001
0.00024783500000000001
0.00086140000000000001
0.00021916500000000001
0.00028588600000000001
0.00026972600000000003
0.00029081700000000002
0.00021973500000000001
0.00024176500000000001
0.00020937500000000001
0.00021436500000000003
0.00022824500000000002
0.00021719500000000002
0.000219175
0.00022661500000000002
0.000220065
0.00022132500000000003
0.00025971800000000004
0.000162733
0.00018538500000000001
0.00023611500000000001
0.00026922600000000001
0.00024649600000000002
0.00021800500000000001
0.00024993500000000001
0.00028880700000000003
0.00022303500000000001
0.00022780500000000001
0.00022931500000000001
0.000222265
0.00022944500000000002
0.00022538500000000001
0.00022415500000000002
0.00024706500000000003
0.00022878500000000001
0.000355488
0.00020479500000000002
0.00024599600000000001
0.00022328500000000001
0.00022250500000000001
0.00022018500000000002
0.00024690500000000001
0.000230356
0.00021962500000000001
0.000705805
