-2.32895787375969157E+01
4.77077999999999975E-04
4.22617999999999985E-04
4.23071999999999977E-04
4.24817000000000022E-04
4.16702000000000023E-04
5.88392999999999989E-04
4.64011999999999975E-04
4.73893000000000025E-04
4.28273000000000011E-04
4.50399999999999997E-04
4.42301999999999995E-04
4.76027000000000015E-04
4.16649000000000002E-04
3.75351000000000005E-04
4.65540000000000018E-04
3.51355000000000027E-04
3.77052000000000008E-04
3.79348000000000001E-04
3.23274000000000022E-04
4.08057000000000027E-04
3.88741000000000011E-04
4.31252000000000024E-04
3.44724999999999990E-04
3.71255000000000022E-04
4.07244999999999981E-04
4.40127000000000010E-04
3.59879999999999976E-04
4.88953999999999995E-04
4.24720000000000013E-04
4.27437999999999982E-04
4.22541999999999981E-04
4.24459999999999985E-04
4.54310999999999994E-04
3.98632000000000001E-04
4.38726999999999976E-04
3.66228999999999979E-04
3.24541999999999984E-04
3.85746000000000016E-04
3.41061999999999995E-04
3.62740000000000013E-04
3.31388000000000006E-04
3.84906000000000018E-04
4.14134999999999991E-04
3.83390000000000000E-04
4.11317999999999981E-04
4.69386000000000022E-04
4.10235000000000005E-04
4.51954999999999978E-04
4.22661000000000011E-04
4.20083000000000023E-04
4.29290999999999993E-04
4.50134999999999999E-04
4.17645000000000017E-04
4.49668999999999980E-04
4.39150000000000022E-04
4.55415999999999991E-04
4.05869000000000000E-04
3.83552000000000003E-04
4.58520000000000021E-04
4.40185000000000001E-04
3.87929000000000019E-04
5.16888999999999977E-04
4.78723999999999979E-04
6.98736000000000040E-04
4.29854000000000022E-04
4.32411000000000004E-04
4.33679000000000020E-04
4.71114000000000016E-04
4.29161000000000006E-04
4.37318999999999978E-04
4.27113999999999977E-04
5.34831000000000043E-04
3.71851999999999990E-04
3.95435999999999986E-04
3.76162999999999997E-04
3.81428000000000008E-04
3.72555000000000000E-04
3.94785999999999998E-04
4.24101999999999986E-04
4.03322999999999974E-04
3.96258999999999988E-04
4.33104000000000019E-04
4.58362999999999989E-04
4.30969999999999975E-04
4.35780999999999994E-04
4.32378999999999988E-04
4.32811999999999975E-04
4.61044000000000026E-04
4.54664000000000023E-04
4.33125999999999986E-04
4.62961999999999976E-04
4.52594000000000011E-04
4.58118999999999996E-04
4.32746999999999982E-04
4.33407000000000020E-04
4.31534000000000019E-04
4.54554999999999987E-04
4.89503999999999981E-04
4.81736999999999986E-04
4.03723999999999999E-04
4.00192000000000006E-04
3.85556000000000006E-04
4.00678999999999977E-04
4.20125999999999996E-04
4.02899999999999981E-04
3.92326999999999986E-04
3.73010000000000008E-04
4.58292000000000009E-04
4.21447999999999994E-04
3.71482999999999980E-04
4.26941000000000018E-04
4.38878999999999984E-04
4.35779999999999978E-04
4.59701000000000022E-04
5.09355999999999980E-04
5.58097000000000020E-04
4.09465000000000024E-04
4.10515999999999984E-04
4.38867999999999973E-04
4.07787000000000004E-04
3.22406999999999978E-04
3.22059999999999990E-04
4.33365000000000009E-04
4.39354999999999997E-04
4.06518999999999988E-04
3.39133999999999996E-04
3.45406999999999995E-04
3.65893000000000002E-04
4.37769999999999978E-04
3.89209000000000007E-04
3.89537999999999983E-04
3.90938000000000017E-04
3.83309000000000026E-04
4.24510000000000013E-04
4.26520000000000002E-04
4.36470000000000000E-04
3.94298999999999973E-04
4.14343999999999975E-04
4.07299000000000018E-04
4.38020000000000011E-04
3.83628000000000007E-04
3.45467000000000018E-04
4.28759999999999981E-04
3.23426999999999992E-04
3.47147999999999977E-04
3.49578000000000020E-04
2.98177000000000002E-04
3.75158000000000002E-04
3.58307999999999999E-04
3.97029000000000023E-04
3.17817000000000024E-04
3.41917999999999975E-04
3.74818000000000015E-04
4.05161999999999981E-04
3.31327000000000021E-04
4.50143000000000017E-04
3.91509000000000008E-04
3.93609000000000005E-04
3.89537999999999983E-04
3.91389000000000016E-04
4.18114999999999991E-04
3.67007999999999994E-04
4.03928999999999974E-04
3.37018000000000018E-04
2.99296000000000002E-04
3.54963999999999985E-04
3.13886999999999998E-04
3.33896999999999992E-04
3.05077000000000007E-04
3.54428000000000002E-04
3.81308999999999977E-04
3.53087999999999991E-04
3.78647999999999984E-04
4.32240000000000022E-04
3.78237999999999979E-04
4.16099999999999977E-04
3.89808000000000006E-04
3.86817999999999982E-04
3.95088999999999998E-04
4.14048999999999993E-04
3.85119000000000010E-04
4.13709000000000006E-04
4.04999000000000017E-04
4.19035000000000002E-04
3.73717999999999989E-04
3.53307999999999986E-04
4.22308999999999998E-04
4.04913999999999979E-04
3.57038000000000006E-04
4.75648000000000010E-04
4.40659999999999999E-04
6.43656999999999953E-04
3.96178999999999976E-04
3.98539000000000000E-04
3.99838999999999978E-04
4.33565000000000014E-04
3.95748999999999981E-04
4.02699000000000015E-04
3.93798000000000000E-04
4.87531999999999994E-04
3.42606999999999981E-04
3.64138000000000016E-04
3.46187999999999986E-04
3.51337999999999976E-04
3.43018000000000001E-04
3.63308000000000012E-04
3.90288999999999990E-04
3.71227999999999977E-04
3.64627999999999979E-04
3.98898000000000015E-04
4.21853999999999990E-04
3.96808999999999975E-04
4.01698999999999991E-04
3.98609000000000018E-04
3.98919000000000021E-04
4.24449999999999990E-04
4.18519000000000009E-04
3.99249000000000012E-04
4.26449999999999984E-04
4.16658999999999996E-04
4.21788999999999996E-04
3.98908000000000010E-04
3.99139000000000015E-04
3.97838999999999983E-04
4.18469999999999996E-04
4.50580000000000013E-04
4.43009999999999975E-04
3.71647999999999976E-04
3.68287999999999981E-04
3.54867999999999991E-04
3.68707999999999981E-04
3.86579000000000013E-04
3.70687999999999985E-04
3.61218000000000010E-04
3.43657999999999995E-04
4.22500000000000024E-04
3.87857999999999985E-04
3.41877999999999995E-04
3.93538999999999987E-04
4.04489000000000010E-04
4.01588999999999993E-04
4.23239000000000005E-04
4.68655000000000005E-04
5.13926000000000053E-04
3.77448000000000009E-04
3.78517999999999997E-04
4.04039000000000026E-04
3.75177999999999992E-04
2.97366000000000026E-04
2.97146999999999993E-04
3.98668999999999987E-04
4.04828999999999996E-04
3.74109000000000019E-04
3.12646999999999990E-04
3.18006999999999979E-04
3.36637999999999998E-04
