-23.289578737596916
0.000220258
0.00017416
0.00019438700000000002
0.00017137600000000002
0.00019885000000000001
0.00023023600000000001
0.00022877200000000002
0.00028835900000000002
0.00026214000000000001
0.00040042000000000002
0.00030641700000000002
0.00028790200000000004
0.00026995400000000004
0.00018607700000000001
0.000180996
0.00017783300000000002
0.00017600300000000002
0.000174432
0.00017256800000000001
0.00017136500000000001
0.00017096400000000001
0.00017162500000000001
0.00017287100000000001
0.00028693300000000001
0.00024123100000000001
0.00024015900000000002
0.000254947
0.00024049400000000001
0.00024014700000000002
0.000242076
0.00026364600000000003
0.00024124200000000002
0.00025101300000000002
0.00024731900000000002
0.00023865300000000002
0.00024796900000000001
0.000246247
0.00022828500000000003
0.00025116600000000004
0.00026417600000000003
0.00024623700000000001
0.00023830600000000001
0.00023893500000000002
0.00025884600000000002
0.00024481700000000004
0.00024685400000000002
0.000248674
0.00024938900000000003
0.00026537899999999999
0.00024296400000000003
0.00023893400000000003
0.000242131
0.00024165400000000003
0.00022767800000000001
0.00021966100000000001
0.00022135200000000002
0.00020996600000000002
0.00025796900000000004
0.00024151200000000001
0.00026812
0.00025118699999999999
0.00026640800000000004
0.00022037600000000002
0.0007010670000000001
0.00026276800000000003
0.00022208900000000002
0.00023550000000000001
0.00027782700000000002
0.00023131900000000001
0.00023580400000000002
0.00023170900000000003
0.00022828600000000002
0.00023143700000000003
0.000249573
0.000256214
0.00027233900000000002
0.000250602
0.00027314700000000001
0.00022716900000000002
0.00025278000000000003
0.00025287700000000004
0.000286326
0.00021273900000000001
0.000175417
0.00017521100000000001
0.00017316400000000001
0.00017186400000000001
0.00018755000000000001
0.00017087800000000001
0.00017065100000000002
0.00017085700000000001
0.00020530100000000002
0.00026752500000000001
0.00022730000000000002
0.00022295500000000002
0.00022977000000000002
0.00022076600000000001
0.00020161300000000001
0.000174258
0.000174735
0.00019746300000000002
0.00017748700000000002
0.00017373800000000002
0.000199478
0.00020599000000000003
0.00017131200000000002
0.00022055000000000002
0.000171149
0.00017125700000000002
0.00019791900000000001
0.00017118100000000001
0.00017152700000000001
0.00025323500000000004
0.00017228600000000001
0.00020691100000000003
0.00017394400000000001
0.00017510300000000002
0.000176057
0.00017603400000000002
0.00017363
0.00020332400000000001
0.000236161
0.00023619400000000001
0.00025955100000000001
0.00023498
0.00023326900000000001
0.00024930200000000002
0.00023274800000000002
0.00020235500000000001
0.000160593
0.00017879400000000002
0.00015803300000000002
0.000183334
0.00021209500000000001
0.00021089500000000001
0.00026517800000000003
0.00024088500000000001
0.00027120600000000002
0.00028143600000000003
0.00026473600000000001
0.00024819800000000004
0.00017096400000000001
0.000166904
0.00016399400000000002
0.000162323
0.00016086400000000001
0.000159154
0.00015803300000000002
0.00015767400000000001
0.00015827300000000001
0.00015939400000000001
0.00026378100000000004
0.00022182500000000001
0.00022088500000000001
0.00023472500000000003
0.00022114500000000001
0.00022086500000000002
0.00022259500000000002
0.00024237600000000001
0.00022174500000000003
0.00023022500000000003
0.00022746500000000002
0.00021941500000000001
0.00022813500000000002
0.00022640500000000003
0.00020986500000000002
0.000230895
0.00024287600000000002
0.00022653500000000001
0.00021916500000000001
0.00021968500000000001
0.00023806500000000001
0.00022505500000000002
0.00022698500000000002
0.00022869500000000001
0.00022934500000000002
0.00024402500000000001
0.00022354500000000002
0.00021972500000000001
0.00022269500000000002
0.00022216500000000003
0.000209304
0.000202315
0.00020376500000000001
0.00019330400000000002
0.00023722500000000001
0.00022214500000000001
0.00024636600000000003
0.00023052500000000001
0.00024469600000000003
0.000203024
0.00064597000000000005
0.00024138500000000002
0.00020412500000000001
0.00021683500000000002
0.00025539600000000002
0.00021319500000000001
0.00021691500000000001
0.00021361400000000002
0.000210504
0.00021337500000000002
0.00022347500000000002
0.00023571600000000002
0.00025031000000000001
0.00023038500000000002
0.00025115599999999999
0.000209435
0.00023247500000000003
0.00023255500000000001
0.000263231
0.000195665
0.00016177300000000001
0.00016159400000000001
0.000159703
0.00015849400000000002
0.00017242400000000001
0.00015757300000000002
0.00015738400000000002
0.00015757300000000002
0.000188619
0.00024627500000000001
0.000209075
0.00020494500000000002
0.00021126400000000002
0.00020342500000000003
0.000185374
0.000160674
0.00016115300000000001
0.00018156500000000001
0.000163673
0.00016024400000000001
0.00018385400000000001
0.000189464
0.00015797400000000002
0.00020282400000000002
0.000157794
0.000157944
0.00018201400000000001
0.00015783300000000002
0.00015819400000000001
0.00023308500000000001
0.00015887400000000001
0.000190354
0.00016039400000000001
0.000161483
0.00016236400000000002
0.00016235300000000001
0.00016013300000000002
0.00018687400000000001
0.000217705
0.00021769500000000001
0.00023872500000000002
0.00021653400000000002
0.00021501500000000001
0.00022931500000000001
0.00021455500000000001
