-2.32895787375969157E+01
4.26149000000000016E-04
4.61780999999999975E-04
5.05235000000000037E-04
4.53449999999999990E-04
7.52088000000000040E-04
6.05324999999999982E-04
4.53146999999999990E-04
4.76936999999999977E-04
4.56516000000000018E-04
4.51131000000000015E-04
5.12926000000000029E-04
4.23907000000000006E-04
6.03147999999999965E-04
4.52615999999999978E-04
4.88192999999999993E-04
5.02904999999999997E-04
5.25873000000000052E-04
9.23735999999999980E-04
5.54732999999999962E-04
9.35252000000000023E-04
4.52908000000000022E-04
4.78475000000000016E-04
4.72636000000000020E-04
5.97959000000000012E-04
4.66525999999999985E-04
6.15845999999999972E-04
3.73617000000000025E-04
4.66125000000000014E-04
4.14687000000000009E-04
4.29988000000000017E-04
3.39686000000000014E-04
3.84245000000000018E-04
4.22206000000000003E-04
5.20637000000000010E-04
8.36741000000000004E-04
4.38131000000000024E-04
4.92462000000000043E-04
4.37449000000000019E-04
4.25543000000000015E-04
4.79233999999999986E-04
4.57130999999999998E-04
6.14296999999999977E-04
3.93637999999999974E-04
3.65925000000000018E-04
3.24551999999999979E-04
3.06774000000000001E-04
3.07619000000000024E-04
3.28572000000000011E-04
3.14649999999999977E-04
3.78231999999999993E-04
4.16323000000000019E-04
4.14405000000000014E-04
4.80930000000000019E-04
4.31674000000000001E-04
4.29313000000000014E-04
4.52333999999999983E-04
4.47481000000000007E-04
4.68335000000000008E-04
4.37990000000000026E-04
5.63125999999999948E-04
5.38302000000000051E-04
4.35129999999999989E-04
4.25174000000000005E-04
4.09054000000000004E-04
4.29627000000000025E-04
4.44056999999999980E-04
4.24589000000000010E-04
4.23234999999999996E-04
4.56190999999999997E-04
4.20375999999999975E-04
4.46332000000000022E-04
3.78839000000000010E-04
3.50293000000000002E-04
3.30348000000000002E-04
3.40575000000000025E-04
3.94396999999999998E-04
3.71352999999999993E-04
3.50228000000000008E-04
4.49327999999999978E-04
3.60747000000000021E-04
3.08193000000000009E-04
4.63854999999999996E-04
3.11324999999999991E-04
3.13610999999999990E-04
3.12624000000000007E-04
3.09698999999999977E-04
3.26957000000000007E-04
3.11626999999999976E-04
3.07370000000000006E-04
3.07456000000000005E-04
3.07088000000000012E-04
3.07120999999999989E-04
3.06730999999999974E-04
3.45243999999999976E-04
3.06341000000000013E-04
3.06286999999999976E-04
3.07846999999999982E-04
3.26772999999999983E-04
3.09915999999999978E-04
3.10576999999999978E-04
3.49826999999999983E-04
3.12938000000000018E-04
3.09471999999999981E-04
3.09179999999999991E-04
3.07044999999999985E-04
3.06394999999999996E-04
5.16859000000000047E-04
4.01920000000000001E-04
4.02824999999999993E-04
4.38348999999999987E-04
4.24252999999999978E-04
4.24827999999999979E-04
4.14654999999999993E-04
4.35986000000000023E-04
4.22248999999999975E-04
4.61597000000000006E-04
4.13509000000000001E-04
3.71135999999999992E-04
3.42168000000000008E-04
4.69819000000000009E-04
4.27396000000000026E-04
4.47492000000000018E-04
4.79612999999999990E-04
4.94292000000000017E-04
6.72906000000000025E-04
4.47805000000000013E-04
4.25661999999999991E-04
4.76774999999999974E-04
3.90557999999999997E-04
4.25229000000000004E-04
4.65120000000000019E-04
4.17308999999999985E-04
6.15033999999999980E-04
5.57231999999999953E-04
4.17059000000000006E-04
4.39129000000000017E-04
4.20320000000000014E-04
4.15208999999999988E-04
4.72640999999999990E-04
3.90198999999999982E-04
5.55471999999999997E-04
4.16519000000000015E-04
4.49369999999999989E-04
4.63089999999999986E-04
4.84221000000000011E-04
8.51418999999999961E-04
5.01451999999999996E-04
8.62089000000000019E-04
4.16868999999999996E-04
4.40550000000000002E-04
4.35229999999999992E-04
5.50911999999999973E-04
4.29578999999999974E-04
5.67312999999999954E-04
3.43777999999999987E-04
4.29059000000000027E-04
3.82379000000000020E-04
3.95711999999999995E-04
3.12736999999999998E-04
3.53737999999999980E-04
3.89268999999999976E-04
4.79297000000000002E-04
7.71217999999999947E-04
4.03099000000000025E-04
4.52990000000000012E-04
4.02829000000000002E-04
3.91839000000000000E-04
4.41299999999999993E-04
4.20557000000000005E-04
5.65832999999999961E-04
3.62417999999999985E-04
3.36847999999999998E-04
2.98805999999999985E-04
2.82946000000000011E-04
2.83796000000000005E-04
3.02506999999999982E-04
2.90217000000000003E-04
3.48607000000000018E-04
3.83818999999999979E-04
3.82008999999999994E-04
4.42685000000000008E-04
3.98058999999999978E-04
3.95328000000000021E-04
4.16269999999999997E-04
4.11838999999999998E-04
4.31090000000000021E-04
4.03749000000000013E-04
5.18429000000000047E-04
4.95524000000000008E-04
4.00699000000000020E-04
3.91438999999999991E-04
3.76467999999999974E-04
3.95609000000000000E-04
4.08869000000000018E-04
3.91479000000000024E-04
3.90329000000000023E-04
4.20138999999999983E-04
3.87468999999999986E-04
4.11079000000000013E-04
3.48768000000000006E-04
3.22417000000000027E-04
3.04096000000000010E-04
3.13586999999999991E-04
3.63088999999999979E-04
3.41866999999999985E-04
3.22358000000000020E-04
4.13314000000000021E-04
3.32517000000000001E-04
2.84306000000000012E-04
4.27055000000000024E-04
2.87126999999999977E-04
2.89306000000000025E-04
2.88427000000000008E-04
2.85715999999999986E-04
3.01036999999999984E-04
2.87426000000000023E-04
2.83577000000000026E-04
2.83656000000000023E-04
2.83315999999999982E-04
2.83356999999999977E-04
2.82985999999999991E-04
3.17886999999999987E-04
2.82546000000000002E-04
2.82586999999999997E-04
2.84006000000000005E-04
3.00857000000000023E-04
2.85856000000000022E-04
2.86527000000000016E-04
3.22007000000000022E-04
2.88647000000000003E-04
2.85515999999999982E-04
2.85246000000000013E-04
2.83256999999999975E-04
2.82665999999999994E-04
4.75971000000000000E-04
3.69802999999999983E-04
3.70477999999999986E-04
4.02829000000000002E-04
3.91189000000000012E-04
3.91118999999999994E-04
3.82279000000000017E-04
4.01449000000000012E-04
3.89237999999999976E-04
4.25030000000000015E-04
3.80571000000000013E-04
3.41507000000000008E-04
3.15027000000000005E-04
4.32660000000000022E-04
3.93458999999999975E-04
4.11988999999999975E-04
4.41600000000000000E-04
4.55160000000000026E-04
6.20012999999999988E-04
4.12350000000000021E-04
3.92029000000000010E-04
4.39009000000000025E-04
