counts 2.00000000000000000E+00 1.60000000000000000E+01
free 1.14309457868597523E-02 -1.27760725838330820E-02 -9.74514013852779648E+00 -3.00784134608175213E-01 4.35199423864007340E+00 7.00211387090992421E+00 -2.15610384248562070E+00 -4.67633978161152442E+00 -7.01805299372279023E+00 5.90851334950238360E+00 -2.27644587536274079E+00 -1.16279664839999652E+00
acc -2.81200440005611974E+00 -1.57297908021559230E+00 6.37409818330891866E+01 -1.34870976702064009E+01 -1.49788859866516999E+00 1.21352820979869414E+01 -6.83945573081141767E+00 3.76907733298477652E+01 -1.31182303751429696E+01 -1.42399522484381080E+01 -4.85470233748926994E+00 2.28070996411884996E+00
qfrc -2.15688005504566718E+01 -1.52707797845621371E+01 5.81131361409233705E+02 2.75835300302926960E+01 -5.19557752599063747E+01 -2.18348756079516360E+00 2.59861153731748438E+01 -5.26509231678431249E+01 -4.20140876742826652E+00 -6.42552799106466677E-01 5.70380447228705734E-01 5.05242172430064307E-02
aref -6.77324943668282398E+00 -1.87454050708222084E+01 1.89271330743973643E+01 -1.86530541412412596E+01 -9.79909465663841850E+00 -2.03428281902366557E+01 2.91671807831435110E+01 -6.84314280257998497E+00 6.31734288797961057E+01 7.03328786682820351E+01 7.30357795526237510E+01 6.04705279954543968E+01 5.17973543394578826E+01 6.26292727919172307E+01 6.24369534250239653E+01 5.19896737063511551E+01
reg 5.58372726991685226E+02 5.58372726991685226E+02 5.58372726991685226E+02 9.44862739838868926E+00 9.44862739838868926E+00 9.44862739838868926E+00 2.64492344364482790E+02 4.47566560976306871E+00 3.91795248234088414E-02 3.91795248234088414E-02 3.91795248234088414E-02 3.91795248234088414E-02 3.95205214317997031E-02 3.95205214317997031E-02 3.95205214317997031E-02 3.95205214317997031E-02
force 1.18570071438282629E-04 -2.00000000000000004E-03 2.00000000000000004E-03 -2.00000000000000004E-03 -2.00000000000000004E-03 -2.00000000000000004E-03 5.05450015620449635E-03 0.00000000000000000E+00 7.27935398670169604E+01 8.09690161888023709E+01 8.45847430114909713E+01 6.91778130443283743E+01 6.48539105930103403E+01 7.19492140557870670E+01 7.14824976160458334E+01 6.53206270327517586E+01
jac 0.00000000000000000E+00 0.00000000000000000E+00 0.00000000000000000E+00 0.00000000000000000E+00 0.00000000000000000E+00 0.00000000000000000E+00 1.00000000000000000E+00 0.00000000000000000E+00 0.00000000000000000E+00 0.00000000000000000E+00 0.00000000000000000E+00 0.00000000000000000E+00
jac 0.00000000000000000E+00 0.00000000000000000E+00 0.00000000000000000E+00 0.00000000000000000E+00 0.00000000000000000E+00 0.00000000000000000E+00 0.00000000000000000E+00 1.00000000000000000E+00 0.00000000000000000E+00 0.00000000000000000E+00 0.00000000000000000E+00 0.00000000000000000E+00
jac 0.00000000000000000E+00 0.00000000000000000E+00 0.00000000000000000E+00 0.00000000000000000E+00 0.00000000000000000E+00 0.00000000000000000E+00 0.00000000000000000E+00 0.00000000000000000E+00 1.00000000000000000E+00 0.00000000000000000E+00 0.00000000000000000E+00 0.00000000000000000E+00
jac 0.00000000000000000E+00 0.00000000000000000E+00 0.00000000000000000E+00 0.00000000000000000E+00 0.00000000000000000E+00 0.00000000000000000E+00 0.00000000000000000E+00 0.00000000000000000E+00 0.00000000000000000E+00 1.00000000000000000E+00 0.00000000000000000E+00 0.00000000000000000E+00
jac 0.00000000000000000E+00 0.00000000000000000E+00 0.00000000000000000E+00 0.00000000000000000E+00 0.00000000000000000E+00 0.00000000000000000E+00 0.00000000000000000E+00 0.00000000000000000E+00 0.00000000000000000E+00 0.00000000000000000E+00 1.00000000000000000E+00 0.00000000000000000E+00
jac 0.00000000000000000E+00 0.00000000000000000E+00 0.00000000000000000E+00 0.00000000000000000E+00 0.00000000000000000E+00 0.00000000000000000E+00 0.00000000000000000E+00 0.00000000000000000E+00 0.00000000000000000E+00 0.00000000000000000E+00 0.00000000000000000E+00 1.00000000000000000E+00
jac 0.00000000000000000E+00 0.00000000000000000E+00 0.00000000000000000E+00 0.00000000000000000E+00 0.00000000000000000E+00 0.00000000000000000E+00 4.98753695832313992E-01 6.17032892454181137E-01 -6.08699565075608184E-01 0.00000000000000000E+00 0.00000000000000000E+00 0.00000000000000000E+00
jac 0.00000000000000000E+00 0.00000000000000000E+00 0.00000000000000000E+00 0.00000000000000000E+00 0.00000000000000000E+00 0.00000000000000000E+00 0.00000000000000000E+00 0.00000000000000000E+00 0.00000000000000000E+00 6.29303708861619682E-01 -7.06614648465318740E-01 3.23531421329124824E-01
jac 0.00000000000000000E+00 1.00000000000000000E+00 1.00000000000000000E+00 8.87285229462328462E-02 3.76731750744166590E-04 -1.82067845756194368E-03 8.86123621827910324E-02 -2.10401859239439529E-03 -4.43057053061355656E-03 0.00000000000000000E+00 0.00000000000000000E+00 0.00000000000000000E+00
jac 0.00000000000000000E+00 -1.00000000000000000E+00 1.00000000000000000E+00 -8.87285229462328462E-02 -3.76731750744166590E-04 1.82067845756194368E-03 -8.86123621827910324E-02 2.10401859239439529E-03 4.43057053061355656E-03 0.00000000000000000E+00 0.00000000000000000E+00 0.00000000000000000E+00
jac -1.00000000000000000E+00 0.00000000000000000E+00 1.00000000000000000E+00 -3.46390138106033901E-04 8.87349829626016273E-02 1.47999783007979726E-03 2.28212525500126823E-03 8.86477861246850185E-02 3.54534914932329217E-03 0.00000000000000000E+00 0.00000000000000000E+00 0.00000000000000000E+00
jac 1.00000000000000000E+00 0.00000000000000000E+00 1.00000000000000000E+00 3.46390138106033901E-04 -8.87349829626016273E-02 -1.47999783007979726E-03 -2.28212525500126823E-03 -8.86477861246850185E-02 -3.54534914932329217E-03 0.00000000000000000E+00 0.00000000000000000E+00 0.00000000000000000E+00
jac 0.00000000000000000E+00 1.00000000000000000E+00 1.00000000000000000E+00 1.95734374309795567E-01 -1.99758180935303370E-01 1.90046671588548072E-01 1.95231660883202152E-01 -2.09751653439753549E-01 1.79504473445621593E-01 9.15296931532379177E-02 -1.28032035097975149E-03 -2.79797855396212488E-03
jac 0.00000000000000000E+00 -1.00000000000000000E+00 1.00000000000000000E+00 1.58198878424386929E-02 -1.93939337821780938E-01 -2.00937380275885841E-01 4.35910113869132643E-03 -1.89429870604033379E-01 -2.05756868071119259E-01 -9.15296931532379177E-02 1.28032035097975149E-03 2.79797855396212488E-03
jac -1.00000000000000000E+00 0.00000000000000000E+00 1.00000000000000000E+00 1.07603625380870385E-01 -1.12689488252885078E-01 1.00980692813750564E-01 1.07142670789802663E-01 -1.18097386111929811E-01 9.51210637477662296E-02 1.44082053502771375E-03 9.14164259366516685E-02 5.30223896764121534E-03
jac 1.00000000000000000E+00 0.00000000000000000E+00 1.00000000000000000E+00 1.03950636771363861E-01 -2.81008030504199202E-01 -1.11871401501088361E-01 9.24480912320908288E-02 -2.81084137931857103E-01 -1.21373458373263896E-01 -1.44082053502771375E-03 -9.14164259366516685E-02 -5.30223896764121534E-03
state -2.46292484362402725E-02 -1.90641238655787776E-02 -1.75039991314956817E-02 9.99910533911922528E-01 -8.31801495218351117E-03 -1.02754392196916112E-02 -2.03719122117314386E-03 9.99720110343395807E-01 -1.17995150518303109E-02 -1.45977643129793361E-02 1.44006144519217439E-02 9.99902630936326475E-01 -8.78163160136037450E-03 9.86046870464526472E-03 -4.51472590033889266E-03 9.21287979477007357E-02 1.61828602521337239E-02 -7.15549825659790584E-02 1.35094476320840429E-01 1.90499112380212388E-01 1.96508165194667128E-01 6.43458696484868198E-02 1.78081348172810960E-01 -1.79807764206774939E-01 1.77204014341791949E-01 9.30913992380649757E-02 1.93256867807248212E-01 1.25000000000000000E-01
